$SPEC_ID:
No sample description was entered.
$SPEC_REM:
DET# 3
DETDESC# PHY-0040-AA Easy-MCA-8k SN 23293928
AP# Maestro Version 7.01
$DATE_MEA:
09/17/2026 09:33:10
$MEAS_TIM:
2155 2157
$DATA:
0 4095
       0
       0
       0
       0
       0
       0
       0
       0
       0
       0
       0
       0
       0
       0
       0
       0
       0
       0
       0
       0
       0
       0
       0
       0
       0
       2
       0
      25
      66
      74
      79
      77
      82
      82
      70
      84
      84
      80
      81
      76
      77
      62
      89
      71
      61
      60
      65
      80
      72
      76
      78
      98
      93
      87
      89
      92
      94
      98
      75
     113
      93
     108
      99
     116
     119
     111
     111
     109
     129
     126
     136
     149
     128
     135
     162
     126
     144
     155
     140
     147
     160
     137
     132
     148
     147
     140
     135
     126
     142
     134
     114
     111
     124
     129
     138
     127
     123
     106
     107
     105
     106
     118
     111
      98
     117
     107
     103
     114
     105
     130
     128
     117
     125
     122
     133
     122
     121
     133
     132
     121
     135
     118
     146
     133
     143
     131
     135
     134
     142
     134
     156
     167
     163
     141
     161
     170
     163
     181
     166
     185
     181
     186
     169
     187
     188
     189
     204
     161
     207
     218
     195
     202
     196
     222
     229
     215
     210
     225
     215
     227
     203
     224
     222
     239
     280
     265
     252
     272
     250
     249
     291
     254
     275
     269
     275
     295
     292
     264
     289
     303
     293
     273
     297
     286
     302
     286
     297
     289
     317
     353
     309
     318
     316
     307
     343
     305
     331
     326
     346
     332
     358
     335
     359
     346
     363
     350
     349
     364
     366
     351
     371
     377
     381
     362
     410
     413
     412
     404
     370
     377
     392
     451
     421
     390
     373
     422
     426
     415
     421
     434
     431
     413
     426
     423
     402
     410
     402
     440
     399
     425
     415
     451
     429
     470
     486
     430
     437
     436
     441
     462
     433
     458
     433
     475
     436
     456
     444
     441
     429
     464
     443
     455
     492
     496
     493
     455
     456
     427
     493
     437
     444
     444
     456
     442
     471
     458
     479
     494
     419
     453
     451
     477
     440
     437
     481
     450
     472
     441
     476
     441
     486
     442
     494
     470
     460
     453
     454
     460
     465
     466
     459
     443
     413
     401
     415
     453
     416
     456
     450
     463
     458
     436
     463
     470
     454
     443
     464
     484
     463
     465
     428
     478
     454
     442
     430
     431
     438
     423
     455
     473
     479
     449
     447
     458
     433
     427
     452
     464
     423
     414
     436
     430
     401
     439
     424
     446
     443
     433
     437
     471
     428
     425
     423
     411
     435
     421
     445
     402
     431
     425
     403
     411
     427
     403
     418
     422
     405
     411
     379
     426
     392
     414
     391
     419
     389
     427
     410
     413
     359
     385
     405
     373
     377
     385
     384
     393
     374
     428
     424
     382
     387
     400
     398
     380
     354
     359
     355
     369
     374
     378
     391
     381
     354
     359
     358
     357
     372
     350
     389
     373
     339
     335
     407
     337
     337
     310
     344
     382
     341
     340
     324
     356
     305
     374
     342
     337
     390
     328
     356
     373
     335
     332
     330
     377
     338
     336
     332
     348
     325
     298
     295
     334
     337
     312
     306
     345
     329
     310
     339
     312
     296
     327
     276
     303
     292
     382
     342
     286
     318
     298
     306
     303
     311
     294
     336
     291
     291
     295
     291
     312
     279
     305
     287
     287
     279
     295
     292
     270
     263
     279
     266
     274
     283
     288
     271
     276
     309
     266
     300
     266
     286
     267
     277
     284
     281
     292
     275
     275
     277
     273
     245
     268
     288
     246
     266
     281
     250
     250
     275
     263
     266
     231
     243
     276
     257
     270
     275
     246
     244
     254
     268
     249
     281
     225
     252
     240
     250
     250
     275
     249
     258
     266
     248
     224
     235
     252
     257
     270
     231
     269
     246
     221
     236
     232
     245
     238
     224
     207
     255
     249
     237
     243
     227
     262
     253
     203
     256
     234
     256
     214
     230
     232
     239
     222
     190
     221
     247
     228
     208
     234
     192
     237
     254
     209
     198
     202
     221
     208
     206
     193
     216
     225
     209
     200
     228
     197
     216
     212
     198
     234
     205
     229
     204
     205
     227
     203
     221
     223
     197
     188
     213
     221
     229
     198
     205
     203
     197
     209
     206
     215
     222
     192
     187
     212
     192
     213
     193
     203
     187
     201
     193
     188
     203
     200
     214
     191
     183
     208
     190
     182
     177
     179
     199
     177
     155
     196
     180
     188
     183
     198
     188
     181
     171
     166
     204
     179
     156
     173
     185
     188
     161
     172
     176
     166
     181
     169
     199
     167
     168
     201
     162
     178
     174
     189
     171
     152
     173
     162
     157
     175
     154
     177
     142
     159
     166
     169
     164
     173
     157
     159
     140
     154
     152
     157
     148
     134
     140
     141
     136
     161
     167
     141
     158
     154
     173
     144
     159
     119
     128
     157
     136
     138
     162
     150
     137
     151
     152
     149
     136
     144
     139
     128
     149
     163
     119
     146
     127
     137
     127
     133
     145
     146
     118
     118
     118
     116
     117
     112
     129
     144
     125
     130
     135
     132
     134
     116
     117
     112
     122
     114
     120
     153
     117
     112
     120
     105
     106
     125
     118
     121
     110
     103
     133
     119
     127
     111
     142
     109
     119
     122
     117
     111
     122
     104
      97
     132
     107
     141
     119
     101
     131
     112
     113
     115
     100
     119
     121
     117
     119
     118
     105
     112
     107
     133
     122
     105
     115
     112
     127
     119
     104
     115
     101
     115
     114
     105
      97
      88
     100
     103
     100
     104
     120
      86
     102
     104
     103
     115
     113
     110
      94
      93
      95
     112
      95
     100
      94
      92
      93
     104
      97
      93
      81
     114
     102
      86
     102
      95
      87
     113
     104
      76
      89
      83
     104
      99
      78
     110
      83
     100
     103
     101
      87
      97
      79
      97
      92
      88
     100
      76
     106
      75
      69
      81
      95
      83
      76
      82
      74
      74
      87
      95
      85
      77
      95
      77
      90
      94
      97
      80
      73
      86
      84
      75
      61
      80
      93
     104
      80
      94
      97
      76
      79
      84
      92
      83
      86
      93
      87
      79
      85
      66
      98
      79
      83
      73
      95
      75
      89
      98
      82
      96
      86
      69
      74
      90
      52
      99
      81
      81
      81
      71
      95
      86
      67
      64
      92
      82
      75
      86
      84
      78
      79
      86
      68
      64
      86
      71
      67
      82
      92
      74
      62
      74
      80
      72
      82
      72
      81
      82
      91
      65
      71
      77
      64
      80
      73
      65
      74
      75
      79
      84
      72
      64
      69
      87
      67
      91
      82
      67
      69
      68
      61
      73
      90
      67
      60
      69
      75
      79
      63
      65
      63
      58
      60
      64
      63
      59
      60
      68
      56
      71
      56
      66
      56
      56
      62
      60
      59
      63
      56
      76
      61
      28
      70
      59
      50
      44
      56
      49
      58
      65
      52
      53
      61
      65
      47
      67
      77
      48
      54
      62
      60
      58
      67
      61
      46
      61
      45
      47
      48
      58
      51
      61
      52
      37
      65
      48
      66
      47
      43
      55
      57
      73
      43
      54
      66
      44
      62
      55
      60
      43
      48
      38
      46
      53
      61
      45
      68
      44
      43
      48
      60
      54
      51
      57
      39
      48
      49
      59
      54
      44
      56
      50
      39
      48
      46
      56
      53
      52
      47
      48
      36
      58
      39
      33
      44
      56
      53
      63
      52
      57
      43
      55
      58
      50
      37
      52
      35
      54
      40
      48
      61
      51
      49
      54
      43
      41
      53
      46
      41
      45
      42
      50
      44
      51
      48
      32
      53
      49
      41
      45
      46
      42
      53
      53
      48
      39
      50
      49
      60
      41
      39
      47
      50
      53
      43
      45
      34
      33
      41
      37
      44
      45
      51
      37
      35
      48
      36
      39
      47
      37
      52
      40
      37
      37
      41
      45
      48
      42
      38
      35
      59
      51
      36
      45
      44
      34
      37
      40
      34
      42
      35
      47
      32
      40
      44
      36
      37
      34
      37
      46
      30
      47
      32
      39
      39
      36
      42
      38
      26
      41
      34
      29
      40
      37
      22
      41
      38
      43
      40
      43
      36
      36
      38
      42
      44
      36
      36
      46
      41
      38
      45
      45
      33
      42
      36
      32
      40
      49
      35
      34
      37
      37
      40
      42
      36
      40
      29
      48
      43
      24
      35
      37
      37
      42
      39
      36
      40
      46
      36
      28
      32
      26
      36
      39
      50
      42
      46
      46
      40
      48
      40
      41
      39
      27
      30
      56
      28
      30
      28
      29
      41
      33
      31
      28
      36
      40
      35
      35
      40
      35
      36
      41
      37
      27
      36
      37
      30
      39
      33
      36
      25
      33
      27
      38
      32
      30
      32
      45
      37
      44
      31
      39
      35
      37
      32
      29
      34
      38
      30
      39
      36
      34
      36
      41
      38
      43
      38
      39
      31
      37
      37
      35
      37
      31
      34
      34
      39
      28
      41
      31
      32
      49
      33
      45
      33
      33
      37
      41
      50
      34
      26
      41
      30
      32
      29
      31
      26
      25
      23
      39
      45
      29
      30
      29
      23
      33
      27
      31
      32
      36
      43
      40
      36
      33
      28
      25
      36
      29
      31
      23
      39
      29
      35
      38
      27
      30
      33
      33
      35
      26
      29
      31
      22
      36
      38
      32
      30
      36
      32
      35
      26
      34
      34
      31
      21
      33
      24
      29
      27
      28
      27
      33
      29
      28
      29
      39
      32
      35
      24
      28
      26
      34
      25
      40
      31
      39
      30
      26
      29
      35
      29
      32
      29
      17
      24
      26
      35
      35
      24
      28
      34
      31
      23
      26
      24
      33
      27
      32
      30
      26
      27
      30
      36
      24
      25
      35
      33
      28
      32
      25
      33
      34
      28
      26
      25
      29
      36
      39
      37
      27
      30
      30
      30
      24
      38
      24
      27
      24
      25
      21
      27
      24
      27
      26
      28
      30
      28
      31
      23
      24
      28
      32
      38
      30
      32
      36
      28
      38
      26
      29
      33
      24
      36
      24
      37
      28
      22
      26
      28
      31
      33
      35
      21
      24
      16
      26
      26
      31
      31
      34
      40
      38
      29
      29
      34
      23
      24
      23
      30
      35
      39
      24
      33
      32
      40
      35
      29
      25
      35
      26
      28
      23
      22
      44
      37
      29
      31
      27
      29
      21
      23
      32
      29
      29
      21
      20
      29
      44
      23
      30
      31
      39
      38
      33
      30
      33
      29
      33
      25
      23
      31
      23
      29
      28
      25
      32
      26
      35
      22
      35
      22
      36
      29
      29
      34
      26
      31
      38
      32
      26
      31
      38
      23
      27
      35
      32
      29
      28
      22
      33
      26
      26
      38
      26
      31
      23
      41
      35
      33
      28
      29
      24
      26
      28
      27
      25
      25
      33
      27
      29
      23
      33
      18
      17
      33
      25
      26
      22
      31
      31
      22
      26
      24
      41
      34
      19
      29
      31
      24
      28
      18
      23
      28
      23
      28
      34
      33
      29
      25
      23
      17
      25
      20
      31
      27
      34
      36
      29
      28
      22
      17
      34
      19
      27
      22
      24
      30
      23
      23
      32
      25
      17
      25
      27
      15
      27
      34
      25
      22
      17
      25
      22
      27
      24
      21
      28
      19
      25
      28
      19
      28
      20
      15
      26
      31
      22
      25
      23
      24
      17
      26
      23
      17
      25
      17
      20
      18
      27
      24
      28
      21
      26
      21
      20
      18
      19
      18
      21
      28
      16
      19
      13
      34
      16
      25
      13
      21
      31
      21
      18
      24
      24
      23
      13
      19
       9
      19
      23
      22
      14
      20
      23
      16
      20
      16
      20
      17
      19
      15
      23
      17
      15
      15
      19
      28
      24
      20
      20
      18
      22
      18
      28
      15
      14
      25
      23
      19
      20
      17
      18
      12
      26
      12
      20
      28
      20
      28
      14
      22
      17
      30
      19
      18
      13
      22
      19
      21
      21
      23
      20
      22
      13
      10
      26
      17
      19
      18
      13
      17
      23
      19
      17
      24
      19
      14
      18
      16
      12
      12
      15
      17
      16
      20
      21
      22
      13
      19
      12
      17
      24
      13
      19
      18
      14
      15
      16
      14
      20
      17
      16
      20
      20
      26
      22
      20
      12
      22
      24
      17
      15
      14
      18
      13
      16
      24
      15
      13
      15
      17
      27
      20
      23
      18
      16
      13
      17
       9
      15
      20
      14
      27
      22
      17
      18
      13
      21
      15
      14
      21
      14
      16
      19
      21
      17
       7
      12
      14
      14
      21
      15
       9
      15
      16
      26
      15
      21
      11
      20
      20
      12
      24
      16
      18
      17
      13
      20
      15
       9
      16
      16
      15
      14
      13
      11
      17
      19
      15
      22
      19
       8
      15
      23
      13
      16
      10
      18
      14
      14
      15
      12
      16
      18
      14
      15
      12
      25
      19
      21
      10
      27
      16
      16
      16
      17
      21
      22
      17
      25
      16
      17
      21
      19
      11
      18
      13
      18
      16
      22
       8
      13
      20
      22
      18
      14
       9
      14
       9
      19
      16
      21
      22
      11
      14
      14
      17
      17
      24
      16
      12
      16
      14
      11
       9
      13
      13
      18
      18
       9
      13
      14
      14
      19
      13
      21
      16
      14
      15
      17
      15
      14
      13
      18
      17
      15
      21
      20
      11
      16
      17
      14
      12
       8
      15
      18
      19
      18
      18
      14
      18
      12
      15
      20
      16
      13
      15
      12
      17
      14
      16
      20
      16
      10
      18
      11
      14
      22
      19
      16
      15
       9
       7
      13
      14
      18
      15
      14
      17
      16
      16
      18
      15
      11
      21
      22
      13
      12
      17
      14
      12
      13
      18
      13
      22
      15
      13
      12
      14
      10
      14
      20
       7
      13
      13
      14
      16
      15
      11
      22
      17
      13
      24
      13
      16
      11
      14
       8
      14
      14
      15
      19
      15
      18
      20
      20
      10
      19
      16
      14
      15
      18
      16
       8
      12
      13
       9
      17
      20
      19
      13
      20
      14
      18
      16
      20
      18
      16
      24
      15
      10
      15
      16
      14
      11
      18
      14
      19
      16
       5
      16
      18
      27
      12
      14
      17
       8
      19
      15
      12
      10
      24
      14
      13
      22
      16
      11
      21
      18
      19
      14
      11
      15
      21
      15
      17
      19
      13
      14
      20
      12
      17
       8
      15
      10
      13
      11
      12
      15
      15
      19
      15
      17
      16
      10
      23
       9
      15
      14
      15
      10
      21
      16
      14
      15
      15
       6
      21
      13
      11
      24
      23
      11
       8
      13
      11
      14
      13
      11
      12
      11
       8
      12
      12
      13
      16
      13
      11
       7
       9
      11
      13
      13
      12
      21
       9
      14
      15
      11
      13
      16
      19
       9
       8
       8
      14
       7
      19
      15
      12
      11
      20
       9
      11
      15
      13
      12
      13
      15
       9
      10
      15
      17
      12
      16
      18
      14
      15
      15
      12
      13
      15
      12
      11
      14
      10
       8
       7
      12
      12
      19
      12
      15
      12
      10
      11
      11
      10
      13
      10
      17
      16
      13
      18
      15
      11
      10
      12
      10
      23
      11
      10
      14
       8
       9
       6
      15
      12
      17
      14
      12
      15
       9
      11
      20
      12
      12
      11
      15
      18
      17
      13
      18
      18
      18
      13
      11
      17
      16
      13
      12
      13
      13
      16
      15
      17
      15
       8
      11
      10
      21
      11
       5
       9
      13
      15
      15
      13
      17
       9
      19
       7
      16
      16
       9
       8
      13
      16
      11
      16
      19
      15
      15
      14
      11
      13
      21
       7
      16
      10
      15
      14
      22
      11
      17
      11
      17
      14
      18
       7
      19
      12
      13
      10
      13
      16
       9
      10
      13
      18
      14
      13
      16
      14
      13
      15
      16
       8
      15
      10
      10
      11
      14
      12
      17
      21
      10
      13
      13
      10
      16
       7
      13
      10
      14
      20
      12
      13
      12
      22
      15
      18
      13
      17
       8
      13
       9
      16
      10
      18
      20
       8
       9
       3
       9
      12
       8
      15
      14
      13
      14
      10
      11
      11
      18
      20
      17
       6
      19
      12
      12
      12
      16
       8
      19
       8
      16
      14
      15
      15
       7
      20
      12
      14
      14
      15
      14
      13
      10
      15
      15
      14
      19
      10
      13
      12
      12
       8
      15
      11
      12
      15
      24
      12
       9
      17
      15
      21
       7
      13
      17
      13
       9
       6
      16
      13
       6
      13
      11
      13
      11
       8
       8
      14
      10
      12
      12
      16
      14
       6
       9
      17
      18
      22
      15
      11
      12
      17
      11
      22
      11
      13
      12
       9
      12
      11
      14
      17
      13
       9
      10
      12
      16
      18
      10
       8
      11
      11
      13
      12
       8
      12
      14
       9
      15
      12
      13
      16
      11
      11
      14
      17
      13
      20
      17
      15
      10
      16
       9
      11
      11
      10
       3
      10
      12
      13
      14
       9
      12
      18
      11
      12
       6
      10
      12
       9
      10
      11
      19
      13
       7
      17
      14
       8
      14
      12
       7
       6
       8
      20
       5
       9
       8
      13
      18
      17
      18
      12
      13
      10
      11
      13
      14
       7
      13
      15
      16
      11
       8
      10
      12
      13
      15
      16
      13
       9
      10
      12
      10
       6
      14
      11
      10
       8
       9
      10
      10
      12
      11
       9
       9
      12
       8
      14
      15
       7
      11
      13
       8
       9
      10
       8
      12
       6
      10
      12
      21
      12
      15
      14
       9
      11
      12
      14
      10
       3
      15
       9
      11
       9
      14
      12
       9
       6
      10
       6
       6
      18
       7
       8
       7
       9
      12
      10
      15
       9
      10
      10
      10
      11
      13
       9
      13
      10
      12
      11
       9
       7
      14
      10
      23
       9
      12
       8
       9
       5
       8
       7
      12
       8
      10
      13
      11
      13
      11
       9
      10
      15
       9
       9
       8
      15
      10
       8
       8
       9
      12
      13
       5
      13
       8
       5
       7
      15
      11
      12
      14
      10
       6
      10
      13
       5
      11
       9
       9
      10
       7
      10
       8
       8
       7
      14
      17
       9
      14
       7
       7
      14
      10
      12
      11
       5
      12
       7
       8
      10
       9
      13
      12
      14
      13
       8
       8
      18
      10
      11
      13
      18
      15
      11
      11
       6
      16
      10
       5
       9
       7
       9
       4
      12
       7
      10
      10
       9
      13
       6
       5
      12
       4
       7
      13
      12
      10
       5
       8
       6
      12
       9
       5
      14
      11
       7
      14
      13
       9
      11
      16
       4
       6
       9
       8
      12
       7
      17
      12
      11
      10
      12
      11
      12
      12
      14
       6
       6
      11
       6
      11
      10
       7
      13
      12
      10
      12
      13
      19
      12
      11
      13
      14
       9
      12
       9
      12
      10
       8
      11
       7
      10
      15
       5
      13
      17
      10
      10
      12
       9
       8
      13
       7
      11
       6
      12
      12
      11
       9
      12
      14
      16
       9
      16
      11
       8
       9
       6
      12
      13
      13
       2
      11
      13
      17
       8
      16
      12
      11
      10
      13
      12
      10
      13
       7
      17
      10
       5
       7
       7
      12
       8
       5
      11
      10
       8
       9
      18
      10
      19
      14
       9
      14
       8
      14
       6
       9
      11
       8
       8
      11
      15
      14
      13
      10
       8
       6
       8
       7
      15
      15
       6
       9
      15
      10
      10
       5
      11
       9
       6
      11
      10
      10
       8
      18
       8
      16
       9
       5
      13
       9
       4
       6
       8
       7
      11
       7
      10
      14
       8
       9
       9
       8
       7
       9
      19
       6
      16
      11
      17
       7
      10
       7
      15
      10
      10
      11
       7
       3
       6
      17
       6
       9
      15
      13
       9
      13
       6
      10
      13
      10
       8
       9
      11
       9
       7
      14
       7
      12
      20
      12
       7
       5
       6
      13
       8
       8
       7
       6
       7
      12
       7
      17
      14
      16
      11
       5
       9
      13
      11
       6
      11
      10
      11
       3
       8
      11
       7
      16
      11
       9
       9
       6
      15
      11
       9
      11
       6
       5
       7
      10
      12
       5
      11
       4
       9
      13
       8
      11
      12
       6
       6
       7
       8
       1
      10
      10
       9
      11
       6
      10
       6
       8
       9
       7
       5
       5
       4
       8
       8
       7
      11
       5
       7
       8
      12
      14
      12
       9
      10
      14
      12
       6
       6
      11
       6
       8
       9
       7
       9
       9
       7
       9
      10
       4
       3
      11
       4
      14
       4
       5
      10
       8
       6
      11
      10
       3
       4
       7
      10
       9
       7
       5
       9
       7
      11
       8
      12
      15
       7
       7
      10
       5
       7
       2
       8
       9
       6
       6
       8
      10
      10
       8
       6
      12
       4
       4
       3
       6
       4
      10
       3
       7
      10
       8
       7
       9
       5
       9
       7
       5
       4
       3
       5
       7
       7
       7
       7
      13
       9
       6
       7
       3
       3
       2
      10
      12
       4
       9
       8
       8
       5
       6
       7
       7
       5
       5
       6
       8
      13
       8
       0
       6
       6
       9
       7
      10
       4
       2
       7
       7
      11
      10
       5
       6
       2
       6
       4
       7
       2
       5
       8
       8
       2
       4
       9
       7
       2
       0
       7
      10
       2
       2
       9
       6
       7
       3
       4
       5
       9
       5
       7
       6
       3
       5
       8
       2
       3
       7
       5
       8
       1
       7
       6
      10
       6
       6
       7
       6
       8
       6
       6
       7
       7
       5
       8
       8
       2
       6
       5
       7
       3
       5
      11
       5
       5
       8
       8
       4
       5
      10
       2
       4
       5
      10
       4
       3
       9
       7
       8
       5
       6
       7
       3
       6
       1
       7
       3
       6
       6
       2
       4
       6
       2
       4
       8
       6
       7
       3
       9
       2
       6
       4
       5
       5
       2
       4
       3
       5
       8
       4
       9
       4
       2
       5
       5
       2
       1
       3
       1
       9
       4
       8
       3
       2
       4
       7
       5
       6
       5
       7
       3
       4
       5
       4
       3
       2
       2
       5
       5
       4
       3
       7
       1
       4
       2
       5
       3
       8
       0
       6
       4
       5
       5
       7
       3
       8
       8
       4
       5
       5
       6
       4
       2
       3
       7
       5
       3
       5
       2
       6
       6
       5
       6
       6
       8
       6
       4
       5
       4
       5
       3
       2
       7
       2
       4
       8
       5
       4
       5
       4
       7
       4
       9
       7
       7
       4
       5
       0
       3
       2
       5
       2
       7
       8
       6
       7
       8
       4
       5
       6
       6
       4
       5
       3
       3
       2
       7
       6
       3
       5
       1
       4
       4
       4
       4
       6
       4
       3
       6
       6
       4
       6
       5
       5
       2
       4
       1
       4
       4
       5
       6
       1
       6
       2
       8
       5
       7
       2
       7
       3
       2
       5
       6
       2
       6
       2
       6
       7
       6
       8
       6
       6
       2
       6
       7
       1
       9
       5
       4
       6
       2
       6
       8
       4
       7
       0
       0
       4
       4
       9
       5
       5
       6
       3
       7
       4
       5
       4
       7
       5
       8
       3
       7
       4
       3
       8
       5
       3
       5
       9
       8
       3
       5
       3
       8
       5
       5
       5
       6
       5
      11
       8
       6
      10
       6
       6
       2
       6
       0
       4
       4
       5
       6
       8
       2
       5
       4
       7
       5
       6
       3
       9
       2
       5
       7
       7
      11
       7
       5
       8
       2
       9
       0
       3
      10
       1
      10
       4
      14
       5
       5
       6
       5
       7
       7
       6
       6
       4
       9
       4
       5
      10
       7
       4
       7
       3
      13
       7
       8
       8
       5
       7
       7
       4
       8
      12
       4
       3
       8
       8
       8
      10
      10
       8
       6
       7
       5
       8
       9
       6
       6
      10
       9
       8
      13
       3
       8
       4
       5
       6
       5
       5
       7
       8
       5
       6
       8
       9
       9
      13
       8
       6
       6
       9
       7
       6
      11
      10
       5
      13
       6
      10
       7
       6
       7
      11
       6
       7
      11
       8
      13
      12
      15
       9
      11
      13
       8
      10
      13
      15
       6
      16
      22
       7
      15
      15
      10
       6
       7
      18
       9
       7
      13
      11
       7
      17
      11
       9
       9
      14
       9
       3
      12
      10
      12
      13
      13
       9
       9
      15
      12
      12
      16
      12
      12
      20
      17
      13
      11
       9
       8
      14
      14
      14
      16
      10
      12
      13
      15
      11
      11
      11
      13
       5
       7
      10
      20
      12
      20
      17
       8
       7
       6
      17
      13
      15
      15
       9
      10
      11
      13
      16
      13
      16
      15
      13
      10
      11
      16
      20
      15
      17
      15
      14
       8
      15
      12
       9
      12
      10
      11
      18
      17
      13
      11
      15
       7
      15
      17
       9
      17
      12
      18
      12
       9
      14
      14
       5
      19
      10
      12
      26
      16
      13
      13
      10
      19
      23
      12
      14
      10
      14
      11
      10
      15
      19
      15
      14
      19
      18
      15
      16
      16
      16
      10
      18
       9
      11
       8
      16
       9
      14
      16
      13
      12
       9
      11
      11
      10
      12
       8
      14
       9
       9
      13
       9
      17
       6
      15
      16
      13
      12
       8
      10
      14
      16
      16
      14
       7
      12
      15
       9
       9
      10
       8
      16
      14
       6
      10
       8
      10
       7
       9
       7
       4
       6
       7
      11
       6
       9
       7
       8
       2
       8
      12
      14
      10
       8
       7
       5
       9
      13
      10
       5
       7
      12
       6
      11
       4
       7
      13
      12
       9
       6
       8
      11
       8
       6
      13
       6
      15
       6
      10
       8
       8
      10
       6
       6
       6
      11
      10
      10
      17
      12
       5
       4
       9
       7
       4
       6
       6
       7
       9
       7
      10
       7
       5
       7
       7
       4
       3
       8
       7
       2
       4
       3
       7
       6
       4
       7
       1
       6
       6
       2
       4
       5
       7
       4
       4
       4
       8
       4
       4
       2
       5
       6
       6
       5
       5
       5
       9
       6
       8
       4
       5
       6
       2
       5
       9
       1
       2
       4
       5
       4
       2
       7
       4
       2
       4
       4
       1
       8
       1
       6
       5
       2
       3
       7
       4
       1
       4
       2
       2
       4
       2
       7
       8
       3
       4
       1
       2
       2
       5
       1
       5
       5
       3
       1
       1
       3
       3
       3
       2
       4
       8
       4
       5
       3
       3
       3
       1
       1
       5
       3
       2
       5
       2
       4
       5
       1
       5
       2
       2
       2
       0
       2
       3
       3
       1
       2
       2
       4
       5
       9
       2
       2
       3
       3
       3
       2
       2
       4
       3
       2
       4
       2
       4
       5
       2
       4
       1
       3
       2
       6
       1
       1
       2
       3
       1
       4
       3
       4
       0
       2
       4
       2
       0
       3
       0
       2
       3
       2
       2
       1
       4
       3
       1
       4
       3
       3
       1
       0
       1
       1
       0
       1
       1
       3
       4
       1
       4
       3
       2
       0
       6
       4
       0
       8
       4
       0
       2
       2
       1
       3
       2
       2
       5
       5
       2
       0
       2
       1
       0
       0
       0
       1
       2
       8
       1
       1
       2
       1
       2
       4
       1
       0
       4
       2
       2
       1
       2
       3
       3
       1
       2
       0
       0
       0
       0
       0
       0
       0
       0
       0
       0
       0
       0
       0
       0
       0
       0
       0
       0
       0
       0
       0
       0
       0
       0
       0
       0
       0
       0
       0
       0
       0
       0
       0
       0
       0
       0
       0
       0
       0
       0
       0
       0
       0
       0
       0
       0
       0
       0
       0
       0
       0
       0
       0
       0
       0
       0
       0
       0
       0
       0
       0
       0
       0
       0
$ROI:
0
$PRESETS:
None
0
0
$ENER_FIT:
-17.891762 0.407467
$MCA_CAL:
3
-1.789176E+001 4.074667E-001 0.000000E+000 keV
$SHAPE_CAL:
3
0.000000E+000 0.000000E+000 0.000000E+000
