$SPEC_ID:
No sample description was entered.
$SPEC_REM:
DET# 3
DETDESC# PHY-0040-AA Easy-MCA-8k SN 23293928
AP# Maestro Version 7.01
$DATE_MEA:
09/17/2026 09:08:36
$MEAS_TIM:
186 196
$DATA:
0 4095
       0
       0
       0
       0
       0
       0
       0
       0
       0
       0
       0
       0
       0
       0
       0
       0
       0
       0
       0
       0
       0
       0
       0
       0
       0
      10
       1
      85
     262
     316
     269
     305
     309
     326
     275
     303
     281
     297
     333
     290
     300
     303
     295
     292
     329
     295
     310
     267
     329
     324
     335
     318
     312
     323
     332
     327
     316
     363
     311
     334
     335
     341
     300
     356
     345
     305
     342
     320
     365
     356
     352
     343
     357
     358
     367
     354
     364
     370
     347
     365
     342
     354
     315
     345
     346
     328
     360
     315
     333
     321
     336
     356
     349
     353
     353
     358
     324
     303
     339
     327
     343
     350
     344
     309
     334
     336
     337
     299
     309
     321
     331
     335
     362
     352
     348
     350
     345
     330
     340
     318
     366
     350
     370
     357
     359
     335
     322
     329
     332
     329
     364
     320
     338
     329
     322
     332
     335
     338
     336
     372
     341
     355
     358
     346
     356
     371
     365
     354
     339
     336
     330
     338
     353
     399
     347
     350
     380
     370
     390
     351
     376
     379
     349
     378
     356
     342
     345
     346
     356
     376
     365
     354
     352
     351
     366
     369
     368
     367
     348
     373
     328
     317
     343
     319
     330
     358
     328
     386
     333
     350
     357
     351
     363
     356
     398
     383
     339
     313
     387
     332
     380
     383
     365
     334
     336
     353
     315
     369
     385
     363
     338
     366
     351
     374
     376
     365
     329
     377
     368
     328
     393
     353
     363
     410
     375
     346
     367
     339
     381
     383
     365
     355
     359
     383
     345
     356
     354
     320
     348
     377
     328
     356
     370
     367
     360
     362
     322
     386
     353
     341
     359
     352
     368
     372
     371
     336
     337
     344
     386
     317
     362
     370
     345
     363
     346
     345
     385
     357
     318
     388
     350
     394
     311
     355
     375
     387
     366
     361
     370
     363
     363
     336
     347
     360
     376
     337
     372
     353
     370
     349
     411
     357
     365
     376
     343
     371
     353
     354
     361
     334
     350
     371
     343
     360
     362
     348
     371
     359
     309
     367
     350
     354
     370
     361
     336
     363
     374
     332
     370
     349
     359
     360
     397
     373
     344
     377
     347
     374
     350
     379
     371
     382
     342
     344
     328
     383
     352
     379
     322
     370
     342
     370
     356
     363
     350
     376
     337
     349
     340
     365
     355
     351
     342
     379
     337
     344
     341
     373
     346
     346
     357
     334
     325
     351
     381
     368
     387
     371
     316
     372
     363
     348
     346
     361
     356
     356
     362
     372
     364
     361
     379
     358
     338
     357
     371
     381
     328
     350
     341
     353
     384
     346
     380
     364
     344
     351
     413
     373
     376
     375
     343
     335
     354
     361
     367
     344
     378
     380
     350
     338
     384
     332
     390
     335
     401
     336
     352
     403
     378
     362
     377
     398
     350
     436
     387
     339
     405
     395
     393
     367
     356
     351
     368
     402
     414
     411
     374
     369
     404
     362
     425
     403
     370
     381
     409
     451
     377
     393
     397
     424
     391
     424
     430
     361
     444
     410
     424
     382
     426
     444
     434
     442
     401
     417
     433
     399
     428
     414
     474
     432
     412
     417
     480
     410
     438
     438
     433
     387
     404
     423
     379
     435
     427
     432
     446
     389
     410
     452
     443
     419
     425
     412
     407
     411
     392
     443
     413
     398
     420
     412
     430
     451
     449
     410
     412
     411
     412
     430
     370
     424
     402
     420
     405
     399
     419
     403
     418
     395
     448
     399
     383
     431
     382
     431
     416
     388
     415
     403
     421
     388
     396
     414
     425
     372
     418
     398
     404
     451
     427
     394
     384
     412
     368
     417
     368
     402
     403
     402
     434
     406
     422
     386
     362
     397
     388
     351
     438
     371
     427
     397
     406
     407
     379
     449
     418
     362
     413
     366
     378
     413
     394
     408
     364
     411
     408
     362
     387
     381
     379
     400
     392
     360
     399
     420
     359
     392
     410
     393
     374
     386
     421
     408
     425
     403
     370
     403
     421
     368
     384
     356
     381
     406
     405
     411
     368
     371
     401
     409
     372
     362
     383
     392
     395
     368
     405
     363
     387
     346
     390
     388
     379
     393
     381
     377
     399
     362
     373
     392
     359
     397
     397
     407
     347
     408
     371
     367
     358
     397
     402
     391
     359
     369
     368
     376
     390
     382
     367
     406
     386
     389
     380
     387
     386
     374
     366
     395
     364
     384
     373
     370
     344
     353
     400
     340
     355
     360
     380
     344
     359
     394
     340
     355
     392
     377
     371
     417
     414
     385
     352
     381
     380
     394
     371
     367
     366
     382
     370
     348
     412
     400
     356
     387
     366
     370
     385
     388
     402
     356
     351
     382
     384
     370
     369
     358
     347
     353
     377
     374
     347
     392
     399
     348
     364
     385
     352
     399
     351
     417
     357
     349
     392
     367
     338
     394
     374
     386
     380
     351
     333
     339
     372
     346
     347
     349
     370
     387
     369
     365
     386
     418
     378
     387
     351
     367
     381
     375
     373
     368
     363
     408
     351
     344
     392
     391
     378
     364
     366
     349
     332
     384
     327
     366
     374
     347
     369
     349
     372
     367
     374
     372
     353
     375
     345
     341
     358
     361
     346
     374
     356
     342
     349
     358
     346
     333
     384
     352
     342
     343
     312
     304
     324
     347
     312
     332
     324
     356
     341
     284
     335
     346
     314
     311
     307
     309
     323
     315
     333
     333
     294
     340
     306
     300
     309
     292
     292
     270
     290
     308
     274
     261
     275
     274
     299
     279
     287
     284
     273
     294
     249
     250
     272
     280
     235
     262
     253
     259
     251
     246
     241
     240
     242
     239
     253
     241
     211
     249
     235
     241
     241
     254
     244
     221
     184
     196
     220
     223
     197
     225
     194
     206
     223
     234
     186
     195
     223
     206
     213
     213
     182
     191
     198
     199
     205
     177
     182
     183
     185
     153
     176
     187
     188
     179
     170
     188
     182
     175
     168
     174
     181
     176
     188
     165
     178
     163
     174
     192
     186
     145
     160
     164
     169
     148
     153
     182
     155
     134
     166
     113
     157
     123
     160
     162
     152
     173
     151
     148
     163
     124
     159
     168
     137
     144
     133
     146
     158
     154
     137
     141
     139
     137
     130
     146
     151
     140
     143
     148
     123
     157
     123
     145
     138
     119
     161
     143
     133
     140
     122
     107
     131
     149
     133
     128
     124
     150
     124
     108
     136
     137
     126
     125
     155
     130
     136
     122
     123
     131
     123
     138
     131
     135
     145
     122
     135
     126
     110
     120
     131
     132
     130
     106
     136
     121
     118
     122
      99
     112
     121
     114
     104
      98
      96
     131
     106
     135
     105
      96
      97
     114
     117
     115
     120
     112
      88
     106
     104
     115
     110
     103
     104
     104
     115
     115
     106
     131
     123
      97
     104
     105
      99
     112
     110
     113
     126
     129
     106
     122
     127
     114
     110
     112
     122
     120
     118
     118
     112
      92
      96
     124
     111
     116
     102
     123
     133
      97
     104
     125
     142
     107
     103
     107
     110
     106
     117
     105
     100
     107
     118
     125
     128
     117
     126
     127
     112
     138
     112
     107
     113
     128
     121
     148
     137
     119
     112
     130
     135
     135
     126
     139
     129
     127
     160
     144
     120
     119
     141
     109
     146
     135
     148
     135
     148
     140
     156
     156
     144
     136
     145
     186
     156
     157
     161
     172
     142
     177
     141
     172
     153
     154
     182
     161
     161
     201
     150
     154
     187
     177
     154
     180
     183
     179
     196
     194
     188
     206
     230
     205
     207
     219
     197
     201
     198
     214
     196
     242
     258
     229
     269
     215
     222
     242
     240
     222
     259
     234
     266
     281
     252
     258
     256
     267
     258
     248
     253
     288
     287
     307
     316
     319
     327
     301
     311
     327
     338
     340
     367
     341
     376
     361
     412
     347
     412
     395
     383
     399
     412
     394
     457
     413
     421
     431
     454
     488
     473
     487
     509
     482
     475
     522
     571
     533
     553
     520
     555
     612
     637
     594
     622
     649
     625
     616
     648
     673
     665
     680
     674
     653
     717
     702
     729
     772
     725
     783
     789
     797
     812
     869
     892
     849
     835
     889
     864
     916
     918
     931
     928
     956
     906
     990
    1011
    1032
     989
    1061
    1059
    1057
    1073
    1037
    1125
    1117
    1136
    1154
    1210
    1156
    1219
    1226
    1228
    1192
    1220
    1258
    1255
    1277
    1306
    1276
    1314
    1348
    1369
    1414
    1379
    1370
    1437
    1507
    1490
    1400
    1492
    1433
    1525
    1483
    1532
    1534
    1538
    1614
    1559
    1602
    1561
    1584
    1600
    1581
    1667
    1712
    1609
    1693
    1598
    1569
    1709
    1624
    1645
    1643
    1673
    1747
    1671
    1766
    1670
    1655
    1691
    1715
    1659
    1728
    1725
    1744
    1701
    1717
    1633
    1705
    1669
    1742
    1727
    1692
    1636
    1654
    1678
    1663
    1705
    1708
    1646
    1750
    1687
    1650
    1608
    1692
    1586
    1526
    1660
    1631
    1561
    1558
    1548
    1572
    1587
    1544
    1488
    1435
    1463
    1502
    1418
    1459
    1406
    1431
    1374
    1403
    1389
    1294
    1343
    1291
    1301
    1237
    1305
    1276
    1245
    1168
    1115
    1223
    1126
    1119
    1119
    1137
    1109
    1077
    1039
    1021
    1010
     997
    1056
     978
     996
     943
     934
     920
     901
     889
     855
     836
     858
     850
     815
     815
     730
     767
     766
     676
     687
     702
     655
     691
     678
     633
     666
     597
     603
     599
     581
     563
     545
     503
     538
     531
     468
     491
     483
     476
     472
     459
     451
     428
     388
     415
     337
     376
     415
     365
     340
     343
     331
     317
     361
     321
     323
     311
     274
     277
     317
     283
     282
     276
     255
     237
     221
     235
     233
     234
     224
     221
     231
     183
     188
     199
     192
     179
     187
     189
     182
     173
     174
     175
     175
     140
     155
     151
     187
     141
     151
     139
     147
     135
     138
     124
     151
     131
     116
     129
     105
     120
     122
     127
     124
     112
     123
     111
     101
     125
     115
     116
     119
      84
     124
      92
     102
      87
      83
      98
      98
     111
      98
      86
      83
      83
     129
     101
      95
      85
     101
      88
      86
      75
      87
      70
      80
      84
      74
      82
      89
      68
      77
      73
      91
      76
      64
      78
      78
      69
      76
      80
      76
      68
      58
      88
      76
      83
     100
      88
      78
      63
      68
      65
      52
      90
      60
      69
      73
      62
      74
      65
      69
      68
      71
      68
      65
     100
      87
      86
      80
      75
      62
      72
      65
      73
      70
      54
      88
      87
      83
      75
      76
      79
      72
      74
      64
      78
      92
      95
      71
      91
      74
      66
      65
      60
      73
      72
      82
      69
      74
      72
      82
      79
      68
      79
      82
      60
      80
      80
      92
      77
      75
      76
      70
      82
      56
      65
      83
      69
      72
      78
      80
      76
      72
      68
      71
      76
      71
      65
      80
      82
      65
      72
      74
      75
      74
      75
      65
      69
      72
      72
      70
      82
      68
      62
      93
      78
      74
      75
      68
      87
      60
      67
      71
      72
      77
      71
      79
      69
      70
      83
      83
      68
      69
      74
      70
      91
      70
      76
      76
      81
      73
      84
      79
      82
      79
      64
      60
      59
      56
      78
      81
      69
      74
      85
      79
      78
      95
      83
      73
      71
      82
      75
      86
      72
      77
      72
      68
      73
      86
      78
      93
      73
      88
      75
      70
      73
      82
      72
      81
      71
      90
      84
      64
      72
      85
      78
      84
      78
      90
      80
      96
      76
      77
      82
      82
      98
      75
      82
      91
      78
      67
      90
      80
      65
      78
      80
      84
      86
      75
      84
      68
      88
      65
      76
      94
      71
      80
      68
      75
      66
      82
      86
      90
      77
      82
      82
      67
      69
      90
      79
      57
      73
      82
      90
      72
      79
      79
      90
      88
      86
      83
      76
      87
      72
      80
      73
      67
      76
      79
      75
      83
      64
      72
      72
      87
      94
      88
      82
      88
      79
      71
      77
      64
      87
      75
      69
      72
      66
      77
      89
      83
      64
      92
      88
      98
      89
      93
      83
      93
      81
      85
      91
      88
      68
      79
      92
     101
      72
      90
      92
      87
      84
      95
      69
      71
      62
      80
      74
      78
      71
      86
      87
      66
      93
      73
      78
      74
      74
      65
      81
      92
      80
      93
      72
      77
      82
      76
      78
      88
      79
      88
      80
      88
      77
      75
      84
      80
      86
      91
      80
      87
      77
     104
      89
      82
      82
      89
      70
      86
     113
      98
      76
      91
      89
      81
      78
      77
      85
      88
      84
      70
      93
      62
      75
      88
      75
      84
      89
      90
      82
      75
      91
      82
      80
      78
      83
      87
      86
      58
      77
      79
      83
      79
      90
      71
      83
      78
      80
      79
      93
      91
      74
      74
      79
      81
      80
      67
      68
      99
      85
      99
      74
      69
      82
      73
      76
      73
      75
      73
     101
      80
      76
      71
      87
      62
      77
      76
      66
      90
      80
      72
      79
      84
      81
      96
      85
      74
      68
      60
      83
      89
      82
     104
      87
      75
      74
      80
      75
      87
      73
      91
      83
      72
      80
      71
      72
      69
      81
      87
      82
      77
      68
      71
      74
      76
      75
      92
      73
      74
      73
     105
      78
      61
      76
      88
      81
      72
      71
      71
      82
      89
      76
      78
      89
      73
      67
      89
      71
      82
      73
      81
      76
      66
      66
      91
      79
      84
      87
      77
      64
      76
      87
      76
      59
      75
      74
      80
      80
      75
      80
      91
      95
      77
      67
      83
      74
      83
      84
      80
      75
      97
      67
      63
      85
      80
      81
      67
      74
      69
      75
      85
      79
      70
      98
      80
      83
      88
      77
      76
      72
      78
      96
      88
      72
      65
      88
      75
      59
      73
      77
      80
      82
      79
      70
      67
      82
      72
      67
      91
      95
      67
      85
      77
      60
      67
      87
      77
      80
     100
      75
      77
      63
      71
      85
      78
      64
      64
      79
      78
      67
      73
      76
      84
      78
      87
      84
      64
      85
     101
      67
      76
      69
      78
      84
      64
      77
      80
      78
      74
      88
      75
      80
      97
      87
      85
      80
      83
      87
      70
      88
      77
      74
      78
      73
      87
      83
      76
      72
      88
      68
      71
      85
      62
      73
     103
      74
      83
      78
      94
      79
      61
      79
      77
      81
      74
      65
      78
      76
      64
      62
      86
      86
      72
      81
      85
      80
      86
      75
      89
      82
      92
      76
      77
      71
      80
      74
      86
      79
      86
      85
      77
      75
      82
      70
      61
      82
      89
      88
      80
      70
      93
      69
      83
      79
     102
      84
      56
      77
      72
      77
      77
      79
      82
      78
      70
      72
     100
      83
      79
      81
      79
      77
      70
      91
      79
      89
      77
      85
      65
      88
      66
      89
      86
      80
      68
      66
      77
      84
      76
      81
      85
      92
      77
      89
      68
      76
      76
      82
      79
      67
      66
      78
      92
      62
      85
      75
      85
      75
      79
      74
      82
      86
      64
      73
      79
      92
      84
      93
      89
      94
      70
      81
      74
      74
      84
      86
      96
      68
      80
      89
      82
      87
      98
      90
      79
      88
      91
      80
      74
      94
      99
      70
      89
      79
      91
      95
      68
      81
      75
      83
      71
      85
      83
      67
      87
      95
      74
      72
      77
      73
      84
      88
      93
      71
      81
      65
      94
      92
      89
      90
      84
      87
      76
      85
      88
      72
      83
      89
      82
      88
      80
      80
      75
      80
      90
      96
      74
      64
      76
      85
      91
     100
      82
      71
      75
      86
      92
      89
      84
      89
      82
      75
      87
      90
      99
      76
      64
      87
      90
     104
      96
      86
      93
      80
      83
      90
     101
      84
     107
      91
      78
     101
      84
      87
      76
      76
      81
      86
      85
      82
      81
      89
      83
      81
      69
      82
      87
      81
      85
      77
      86
      83
      66
      72
      75
      82
      76
      76
      87
      93
      86
      85
      86
      74
      75
      90
     103
      84
      82
      92
      83
      91
      69
      86
      75
      89
      97
      92
      98
      88
      89
      80
     108
      87
      84
      82
      91
      85
      96
      85
      68
      87
      77
      73
      65
      67
      73
      96
      96
      75
      93
      82
      97
      76
      77
      73
      65
      93
      87
      83
      91
      82
      91
      85
      70
      90
      68
     101
      70
     102
      91
      91
      78
      88
      84
      83
      66
      76
      92
      72
      84
      81
      88
      82
      75
      73
      82
      81
      82
      81
      93
      78
      84
      82
      86
      91
      92
      74
      74
      84
      72
      91
      69
      85
      96
      84
      68
      89
      82
      76
      96
      86
      74
      95
      81
      96
     100
      76
      67
      79
      72
      77
      66
      74
      74
      81
      75
      85
      76
      79
      96
      81
      69
      76
      76
      94
      83
      83
      69
      84
      93
      86
      63
      67
      88
      63
      80
      76
      84
      79
      77
      89
      62
      58
      81
      66
      94
      73
      84
      70
      79
      75
      80
      73
      72
      64
      78
      77
      67
      58
      67
      71
      61
      71
      63
      64
      93
      62
      66
      75
      68
      82
      62
      63
      74
      73
      59
      81
      68
      85
      65
      65
      75
      60
      74
      81
      54
      81
      80
      64
      53
      75
      67
      77
      59
      60
      54
      73
      64
      65
      68
      57
      69
      50
      81
      64
      63
      60
      57
      79
      74
      67
      86
      61
      64
      62
      70
      57
      61
      55
      67
      56
      68
      60
      77
      56
      55
      48
      52
      65
      65
      72
      54
      66
      62
      59
      64
      67
      60
      71
      57
      69
      57
      56
      50
      68
      70
      56
      64
      56
      57
      50
      66
      54
      68
      54
      43
      49
      50
      53
      60
      49
      54
      49
      76
      58
      54
      66
      47
      53
      57
      64
      53
      54
      53
      59
      56
      59
      46
      60
      56
      53
      59
      44
      56
      56
      53
      57
      51
      53
      44
      58
      42
      42
      64
      61
      57
      52
      54
      38
      48
      46
      49
      38
      50
      51
      51
      66
      50
      47
      48
      52
      51
      43
      51
      63
      57
      47
      48
      48
      54
      59
      47
      61
      52
      42
      43
      58
      41
      40
      38
      36
      43
      37
      49
      38
      38
      59
      39
      47
      54
      51
      61
      37
      37
      44
      60
      42
      42
      43
      36
      41
      39
      42
      54
      45
      57
      36
      49
      54
      44
      48
      55
      41
      32
      47
      57
      56
      36
      45
      39
      42
      36
      43
      39
      44
      40
      46
      41
      39
      41
      41
      37
      46
      37
      45
      39
      45
      41
      28
      37
      48
      55
      43
      46
      54
      40
      36
      35
      43
      37
      37
      44
      41
      48
      45
      51
      54
      49
      56
      51
      34
      51
      37
      29
      41
      54
      52
      41
      47
      37
      44
      29
      37
      42
      45
      40
      35
      43
      34
      39
      38
      32
      35
      49
      37
      36
      41
      44
      44
      38
      36
      46
      49
      44
      36
      47
      32
      42
      45
      49
      52
      44
      41
      38
      40
      47
      27
      43
      44
      56
      33
      46
      56
      44
      42
      38
      34
      33
      37
      33
      52
      40
      36
      26
      37
      49
      53
      45
      43
      42
      28
      39
      34
      40
      28
      38
      42
      37
      50
      33
      37
      56
      35
      47
      40
      37
      35
      44
      45
      43
      43
      43
      44
      43
      44
      31
      46
      40
      32
      45
      49
      39
      34
      64
      40
      51
      41
      50
      41
      46
      43
      52
      59
      48
      47
      49
      51
      47
      40
      52
      39
      51
      48
      56
      56
      46
      47
      55
      54
      50
      53
      54
      62
      48
      53
      51
      64
      47
      49
      53
      52
      40
      69
      54
      55
      43
      52
      42
      49
      51
      55
      47
      48
      54
      48
      55
      49
      49
      46
      60
      60
      45
      55
      59
      59
      60
      55
      70
      62
      50
      51
      54
      54
      53
      68
      51
      59
      56
      64
      57
      59
      54
      73
      49
      56
      76
      61
      64
      73
      66
      70
      63
      63
      46
      73
      71
      67
      52
      75
      67
      68
      58
      66
      71
      60
      73
      79
      57
      72
      58
      65
      83
      78
      64
      58
      68
      68
      66
      78
      81
      75
      63
      87
      82
      68
      87
      86
      83
      64
      66
      59
      77
      80
      83
      89
      80
      75
      85
      77
      91
      89
      93
      75
      80
      86
      91
      99
      83
      79
      99
      94
      89
      84
      81
      89
      92
     110
      81
      87
     104
     102
     102
      91
     105
      85
      95
     105
     115
     121
     122
      91
     100
      97
      87
      90
      96
     106
     107
     102
     102
     100
     108
     111
     107
     105
     103
     105
     118
     108
     111
      91
     105
      99
     121
     120
     130
     113
     112
     124
     122
     130
     107
     113
     113
     113
     119
     121
     139
     123
     127
     128
     133
     122
     115
     135
     141
     144
     131
     156
     128
     128
     143
     140
     141
     132
     125
     141
     126
     138
     128
     153
     144
     154
     132
     135
     124
     119
     130
     126
     131
     130
     142
     143
     154
     141
     153
     164
     153
     135
     156
     140
     136
     140
     152
     170
     153
     150
     153
     171
     133
     158
     156
     143
     145
     151
     142
     164
     159
     200
     125
     120
     159
     185
     188
     172
     149
     158
     149
     158
     132
     176
     152
     174
     180
     165
     190
     149
     162
     165
     154
     165
     167
     157
     158
     144
     176
     145
     188
     165
     172
     160
     168
     163
     171
     155
     183
     148
     182
     155
     147
     157
     162
     152
     192
     157
     145
     175
     151
     162
     150
     137
     153
     164
     147
     145
     145
     153
     156
     159
     147
     196
     155
     153
     137
     161
     149
     166
     152
     157
     163
     151
     155
     154
     130
     167
     166
     134
     168
     122
     156
     140
     149
     123
     144
     147
     154
     135
     129
     154
     136
     142
     116
     118
     144
     128
     133
     147
     136
     132
     125
     143
     132
     131
     122
     131
     112
     118
     131
     136
     135
     132
     140
     104
     107
     107
     119
     128
     123
     110
     119
     132
     132
     133
     102
     127
     107
     102
     121
     109
     107
     107
      85
      97
     115
      97
      94
     105
      90
      99
      91
     114
     102
     104
     109
     111
     105
      91
      88
     107
      95
      98
      97
      91
      94
      89
      90
      80
      85
      97
      92
      88
      91
      93
      92
      88
      82
      80
      74
      84
     100
      77
      85
      77
      93
      75
      56
      67
      87
      92
      73
      79
      65
      78
      89
      72
      63
      78
      69
      63
      89
      75
      87
      85
      66
      68
      67
      62
      62
      62
      63
      56
      63
      47
      62
      64
      51
      55
      73
      70
      60
      51
      63
      77
      73
      72
      55
      67
      50
      54
      55
      57
      57
      60
      53
      59
      54
      57
      57
      45
      48
      65
      58
      60
      59
      63
      55
      57
      48
      48
      52
      50
      55
      56
      49
      50
      39
      44
      54
      61
      51
      54
      59
      48
      47
      66
      58
      64
      47
      59
      42
      50
      46
      54
      44
      39
      50
      57
      41
      33
      42
      45
      54
      52
      52
      41
      38
      41
      29
      53
      37
      38
      45
      43
      45
      52
      47
      37
      40
      33
      36
      56
      41
      44
      31
      40
      60
      37
      31
      43
      42
      37
      41
      40
      43
      27
      36
      38
      39
      42
      32
      32
      27
      34
      41
      47
      43
      31
      35
      39
      39
      38
      33
      37
      41
      37
      37
      34
      27
      43
      27
      31
      49
      51
      34
      37
      48
      35
      28
      41
      39
      26
      36
      32
      27
      33
      40
      36
      31
      45
      51
      25
      44
      42
      39
      43
      39
      42
      35
      42
      39
      37
      32
      27
      41
      33
      50
      31
      36
      40
      29
      40
      38
      31
      46
      28
      31
      33
      26
      39
      34
      33
      28
      35
      35
      37
      38
      35
      48
      44
      36
      37
      37
      46
      39
      49
      25
      34
      38
      44
      39
      50
      34
      37
      36
      30
      32
      34
      34
      45
      34
      32
      29
      36
      39
      33
      31
      33
      38
      25
      35
      38
      31
      30
      31
      42
      38
      33
      40
      36
      35
      39
      50
      39
      37
      39
      34
      31
      40
      36
      38
      34
      27
      25
      39
      31
      35
      36
      33
      36
      26
      32
      44
      33
      40
      32
      35
      44
      30
      41
      44
      33
      39
      36
      46
      38
      30
      36
      26
      39
      25
      41
      27
      35
      42
      40
      33
      35
      46
      44
      37
      38
      29
      35
      36
      31
      26
      35
      29
      39
      39
      36
      36
      34
      33
      42
      26
      31
      36
      32
      32
      35
      42
      28
      31
      38
      34
      28
      33
      40
      39
      30
      32
      41
      41
      47
      31
      43
      37
      25
      35
      35
      37
      41
      34
      33
      35
      26
      28
      32
      38
      42
      30
      27
      29
      35
      30
      37
      34
      33
      37
      32
      22
      34
      31
      35
      38
      35
      46
      35
      36
      43
      35
      39
      32
      25
      30
      30
      36
      26
      26
      34
      30
      29
      39
      34
      29
      31
      39
      31
      29
      32
      27
      27
      28
      30
      35
      24
      27
      31
      33
      37
      34
      34
      24
      28
      30
      37
      26
      34
      20
      27
      41
      40
      38
      27
      24
      33
      45
      37
      38
      31
      23
      46
      24
      39
      29
      34
      27
      34
      34
      28
      38
      35
      39
      25
      36
      35
      26
      32
      30
      37
      32
      37
      36
      29
      36
      33
      32
      27
      36
      35
      32
      44
      19
      31
      24
      18
      25
      36
      33
      24
      42
      31
      26
      28
      24
      23
      28
      42
      33
      27
      30
      33
      34
      29
      33
      27
      25
      29
      26
      29
      26
      32
      32
      41
      27
      21
      26
      29
      31
      32
      31
      36
      26
      40
      28
      26
      22
      25
      30
      28
      28
      31
      29
      33
      23
      37
      23
      26
      31
      21
      31
      27
      35
      35
      31
      33
      24
      29
      28
      23
      22
      32
      32
      19
      29
      29
      23
      21
      28
      28
      24
      27
      27
      27
      25
      25
      26
      18
      28
      11
      26
      26
      23
      24
      25
      24
      19
      20
      22
      22
      17
      22
      14
      31
      20
      27
      25
      23
      25
      19
      18
      28
      21
      32
      24
      22
      19
      24
      14
      19
      19
      25
      20
      26
      26
      27
      25
      16
      31
      23
      17
      22
      26
      25
      24
      24
      15
      14
      25
      13
      22
      22
      28
      21
      22
      23
      24
      14
      27
      24
      25
      25
      18
      18
      24
      20
      18
      19
      16
      17
      20
      26
      19
      19
      22
      17
      17
      18
      16
      19
      18
      17
      15
      16
      21
      15
      21
      20
      17
      21
      13
      10
      26
      22
      24
      17
      19
      19
      15
      19
      17
      18
      19
      17
      18
      16
      16
      15
      12
      15
      18
      19
      16
      15
      23
      18
      17
      20
      10
      15
      26
      21
      20
      15
      15
      11
      16
      17
      11
      16
      15
      19
       7
      18
      22
      15
      14
      12
      19
      18
      22
       9
      10
      11
      21
      14
      16
      13
      17
      20
      18
      10
      10
       8
      11
      17
      12
      13
      21
      16
      11
      18
      13
      15
      12
      13
      12
      10
      20
      16
      22
      14
      10
       7
      16
       9
      18
      18
      11
      11
       0
       0
       0
       0
       0
       0
       0
       0
       0
       0
       0
       0
       0
       0
       0
       0
       0
       0
       0
       0
       0
       0
       0
       0
       0
       0
       0
       0
       0
       0
       0
       0
       0
       0
       0
       0
       0
       0
       0
       0
       0
       0
       0
       0
       0
       0
       0
       0
       0
       0
       0
       0
       0
       0
       0
       0
       0
       0
       0
       0
       0
       0
       0
       0
$ROI:
0
$PRESETS:
None
0
0
$ENER_FIT:
-17.891762 0.407467
$MCA_CAL:
3
-1.789176E+001 4.074667E-001 0.000000E+000 keV
$SHAPE_CAL:
3
0.000000E+000 0.000000E+000 0.000000E+000
