$SPEC_ID:
No sample description was entered.
$SPEC_REM:
DET# 3
DETDESC# PHY-0040-AA Easy-MCA-8k SN 23293928
AP# Maestro Version 7.01
$DATE_MEA:
09/17/2026 10:26:26
$MEAS_TIM:
372 383
$DATA:
0 4095
       0
       0
       0
       0
       0
       0
       0
       0
       0
       0
       0
       0
       0
       0
       0
       0
       0
       0
       0
       0
       0
       0
       0
       0
       0
       3
       1
      97
     353
     368
     375
     400
     394
     395
     340
     363
     357
     387
     317
     360
     366
     370
     396
     378
     410
     367
     403
     420
     440
     375
     407
     446
     398
     473
     485
     501
     576
     594
     656
     813
     898
    1111
    1231
    1478
    1820
    2040
    2602
    3240
    3937
    4623
    5332
    6089
    7094
    7921
    8865
    9674
   10739
   11501
   12090
   12592
   13065
   13274
   13179
   13291
   13143
   12480
   11982
   11476
   10557
    9726
    8982
    8193
    7347
    6599
    5909
    5187
    4659
    4153
    3600
    3199
    2712
    2421
    2060
    1870
    1569
    1435
    1212
    1160
     987
     921
     854
     774
     742
     721
     685
     668
     676
     678
     641
     663
     696
     695
     718
     764
     860
     849
     897
     932
     947
     984
    1039
    1046
    1120
    1047
    1136
    1220
    1240
    1185
    1264
    1247
    1278
    1243
    1241
    1240
    1273
    1228
    1232
    1149
    1141
    1053
    1133
    1047
    1057
    1043
     986
     997
     931
     912
     893
     946
     849
     827
     909
     921
     893
     895
     947
     931
     894
     982
     959
    1022
     992
     967
     969
    1022
    1025
     999
    1051
    1115
    1074
    1085
    1147
    1131
    1249
    1225
    1281
    1296
    1319
    1406
    1541
    1506
    1631
    1808
    1769
    1956
    2042
    2206
    2339
    2422
    2627
    2878
    3042
    3082
    3375
    3644
    3981
    3931
    4259
    4349
    4759
    4929
    5100
    5280
    5484
    5407
    5838
    5852
    5876
    5953
    5997
    6041
    5718
    5866
    5871
    5685
    5598
    5358
    5267
    5128
    4752
    4616
    4382
    4141
    3806
    3597
    3388
    3239
    2859
    2708
    2503
    2311
    2134
    1939
    1733
    1684
    1473
    1393
    1258
    1123
    1014
     927
     880
     785
     749
     692
     656
     625
     588
     595
     551
     517
     545
     524
     462
     453
     466
     492
     454
     478
     486
     452
     482
     504
     511
     459
     469
     482
     465
     488
     499
     512
     539
     520
     516
     559
     529
     503
     549
     581
     613
     570
     597
     618
     630
     610
     662
     649
     666
     673
     701
     673
     711
     735
     693
     779
     730
     717
     747
     715
     676
     740
     711
     740
     719
     694
     698
     708
     718
     630
     751
     651
     621
     612
     628
     614
     603
     609
     659
     588
     546
     550
     526
     534
     544
     474
     511
     532
     478
     492
     515
     474
     505
     473
     428
     454
     443
     453
     490
     437
     430
     443
     425
     456
     471
     436
     456
     458
     471
     421
     440
     460
     476
     425
     446
     431
     454
     455
     463
     463
     459
     440
     472
     460
     455
     422
     490
     448
     484
     464
     494
     501
     469
     477
     451
     480
     461
     428
     450
     454
     444
     506
     460
     477
     490
     505
     494
     478
     495
     485
     508
     532
     475
     499
     551
     518
     507
     509
     558
     554
     472
     510
     545
     508
     544
     552
     543
     548
     551
     581
     528
     514
     522
     553
     540
     528
     541
     557
     539
     528
     535
     540
     540
     535
     525
     565
     541
     520
     537
     547
     499
     509
     494
     505
     509
     505
     527
     514
     510
     483
     480
     519
     493
     542
     517
     515
     497
     480
     499
     461
     485
     471
     435
     493
     457
     504
     461
     466
     463
     448
     466
     443
     460
     454
     451
     492
     472
     447
     477
     468
     453
     471
     432
     466
     469
     401
     482
     442
     454
     463
     439
     449
     458
     405
     429
     459
     451
     398
     406
     455
     434
     423
     438
     422
     432
     446
     410
     418
     392
     431
     434
     403
     448
     419
     398
     410
     425
     407
     402
     402
     376
     393
     373
     398
     362
     373
     404
     369
     372
     351
     372
     343
     334
     374
     377
     369
     358
     368
     345
     352
     382
     378
     344
     338
     354
     337
     336
     331
     367
     367
     375
     323
     335
     326
     360
     298
     337
     324
     319
     335
     322
     352
     317
     343
     343
     302
     297
     336
     336
     333
     322
     334
     325
     327
     321
     315
     311
     339
     314
     329
     316
     299
     285
     331
     326
     325
     344
     312
     314
     297
     282
     345
     327
     315
     348
     348
     299
     284
     309
     297
     300
     333
     319
     325
     298
     317
     304
     292
     255
     309
     313
     317
     288
     295
     305
     268
     299
     284
     266
     269
     277
     252
     290
     274
     304
     254
     276
     283
     263
     290
     277
     299
     296
     290
     272
     309
     310
     311
     316
     291
     305
     292
     294
     309
     349
     302
     314
     296
     287
     313
     338
     303
     350
     303
     338
     378
     348
     307
     333
     360
     318
     345
     366
     370
     340
     340
     405
     381
     373
     414
     413
     417
     422
     402
     418
     438
     436
     419
     430
     457
     458
     441
     474
     466
     471
     448
     475
     495
     525
     505
     534
     521
     512
     553
     509
     580
     549
     599
     573
     625
     633
     598
     602
     587
     651
     619
     664
     626
     686
     672
     699
     668
     693
     651
     713
     734
     718
     721
     746
     754
     700
     739
     767
     811
     787
     709
     765
     814
     771
     877
     778
     842
     784
     822
     838
     820
     862
     890
     852
     894
     840
     934
     888
     933
     920
     872
     958
     932
     952
     918
     949
     925
     986
     913
     968
     968
     957
    1001
    1012
     942
    1043
     960
    1082
     964
    1054
    1131
     990
    1070
    1066
    1124
    1019
    1069
    1154
    1169
    1067
    1124
    1076
    1032
    1045
    1092
    1051
    1128
    1140
    1025
    1137
    1115
    1097
    1147
    1101
    1093
    1076
    1088
    1121
    1030
    1080
    1037
    1102
    1096
    1093
    1072
    1064
    1025
    1020
    1024
    1001
     969
     997
    1018
    1033
     989
     918
    1031
     968
     995
     983
     958
     957
     965
     941
     952
     938
     922
     896
     872
     916
     876
     900
     868
     856
     885
     917
     864
     888
     876
     923
     896
     910
     860
     912
     918
     839
     874
     933
     916
     961
     936
     989
    1028
    1006
     988
    1021
    1000
    1031
    1079
    1071
    1107
    1123
    1174
    1172
    1162
    1213
    1215
    1217
    1258
    1261
    1297
    1320
    1305
    1335
    1329
    1436
    1476
    1494
    1507
    1531
    1496
    1534
    1637
    1668
    1677
    1754
    1731
    1801
    1765
    1795
    1830
    1858
    1913
    1905
    1916
    1939
    1939
    2051
    1982
    2178
    2107
    2104
    2140
    2201
    2112
    2150
    2147
    2165
    2274
    2285
    2265
    2335
    2287
    2372
    2340
    2350
    2350
    2360
    2357
    2409
    2292
    2258
    2344
    2324
    2471
    2347
    2434
    2440
    2364
    2380
    2339
    2368
    2333
    2411
    2381
    2422
    2304
    2356
    2330
    2236
    2300
    2261
    2286
    2273
    2261
    2261
    2244
    2314
    2196
    2097
    2144
    2095
    2075
    2042
    2021
    2028
    1992
    1983
    1919
    1899
    1822
    1813
    1836
    1831
    1752
    1859
    1824
    1772
    1701
    1711
    1724
    1612
    1585
    1566
    1530
    1575
    1514
    1562
    1400
    1433
    1385
    1340
    1371
    1293
    1278
    1267
    1303
    1240
    1226
    1134
    1205
    1163
    1158
    1135
    1121
    1126
    1114
    1078
    1008
    1027
    1005
    1022
     965
     947
     926
     914
     888
     866
     878
     850
     876
     841
     799
     892
     784
     785
     746
     791
     734
     748
     677
     700
     713
     709
     685
     670
     634
     653
     668
     642
     607
     577
     607
     601
     556
     539
     552
     519
     528
     501
     529
     485
     501
     457
     447
     455
     412
     449
     454
     432
     420
     416
     422
     426
     396
     369
     400
     388
     391
     375
     359
     348
     364
     332
     317
     337
     347
     314
     305
     311
     278
     287
     241
     285
     277
     259
     291
     250
     247
     256
     247
     248
     231
     226
     254
     237
     242
     225
     224
     232
     238
     246
     199
     232
     221
     217
     212
     224
     218
     209
     222
     212
     236
     230
     240
     222
     197
     205
     197
     218
     233
     208
     223
     218
     230
     196
     207
     217
     203
     199
     225
     198
     213
     221
     197
     185
     213
     186
     219
     211
     210
     234
     224
     215
     225
     195
     208
     191
     215
     202
     172
     203
     211
     217
     244
     227
     204
     200
     216
     212
     184
     197
     197
     219
     192
     197
     175
     170
     192
     195
     209
     170
     189
     200
     185
     191
     222
     201
     185
     162
     173
     197
     179
     160
     171
     152
     158
     182
     152
     163
     153
     142
     137
     139
     135
     143
     145
     137
     113
     117
     132
     130
     134
     116
     130
     134
     109
     119
     119
     128
      85
     105
      99
      99
      77
     102
      94
      75
      98
      78
      92
      81
      85
      85
      80
      85
      82
      90
      73
      74
      59
      61
      72
      69
      57
      51
      54
      50
      51
      59
      46
      46
      54
      46
      42
      43
      44
      39
      42
      39
      39
      39
      48
      33
      38
      35
      30
      38
      36
      34
      45
      32
      29
      24
      29
      31
      20
      20
      25
      19
      24
      27
      20
      29
      28
      23
      27
      16
      23
      37
      28
      22
      21
      17
      22
      17
      26
      16
      15
      23
      20
      16
      13
      20
      13
      12
      16
      12
      20
      20
      17
      14
      17
      18
      11
       7
      21
      15
      17
       8
      14
      16
      17
      17
      10
      15
      11
      26
       6
      14
      12
      11
      17
      12
      10
      13
      14
      14
      15
      12
      15
      14
       7
      10
       4
      10
      13
      10
      11
      10
       8
       8
       8
       9
       6
       9
       4
      11
       9
       8
      10
       8
       9
      11
       7
       8
       9
       6
      12
       6
       7
      12
      10
       8
      14
      11
       7
      10
       6
      11
      13
      14
       8
      12
       9
       7
       9
       8
      16
       9
      10
       5
      10
      12
       8
       7
       5
       9
      13
      11
       8
       7
      13
       7
      10
       6
      13
       6
      10
       8
      10
       4
      11
      14
       5
      10
      10
       9
       2
       6
      12
      11
      13
       4
      11
       5
       7
       0
       9
       8
       8
       4
       8
      12
       6
      11
       9
       6
       3
       8
      11
      14
       4
       4
      12
       6
       2
       6
       8
       6
       8
       4
      10
      15
       7
       9
      10
       8
       9
      13
       4
       9
       7
       5
       6
       2
      11
       7
      10
       5
       8
       8
       8
       3
      11
      12
       7
       9
       7
      10
      12
      10
      12
       1
       8
       8
       6
       3
       6
       8
       6
       3
       8
       5
       4
      11
       6
      10
      11
       7
       9
       7
       4
      11
      11
       7
       6
       9
      13
      11
       5
       7
       7
       6
       8
      10
       3
       5
       7
       6
       8
       9
       3
      12
       6
       9
       6
       6
       6
      17
       7
      11
       4
      13
       5
       8
       6
       6
       8
      10
       7
       8
       6
       8
       6
       8
       9
       4
       6
      13
       4
       5
       7
       9
       4
       7
       5
       6
       9
       7
      10
      11
       3
       4
       5
       6
      12
       3
       9
       6
       7
       8
       8
       3
      10
       5
       7
      10
       4
       3
       6
       3
       6
       9
       7
       9
       5
       4
       9
       4
       5
       7
       6
      13
       6
       2
       6
       4
       6
       3
       5
       7
       8
       6
       8
       2
       8
       7
       9
       7
       8
       2
       9
       5
       9
       5
       6
       7
       7
       4
       7
       9
       6
       6
       6
       6
       4
       2
      10
       2
      11
       8
       7
       5
       5
      13
       4
       6
       9
       7
       7
       5
       8
       5
       6
       6
       5
       6
       6
       7
      10
       8
       8
       7
       4
       3
       5
       7
      11
       9
       2
       6
       4
       4
       7
       4
       4
       6
       9
       9
       6
       3
       6
       7
       8
       2
       6
       6
       3
       6
       8
       2
       5
       4
       4
       4
       2
       3
       8
       9
       7
       8
       6
       4
       5
       8
       4
       8
       6
       4
       5
       5
       7
       5
       3
       8
       3
       9
       4
       6
       6
       4
       5
       2
       3
      11
       4
       6
       4
       6
      10
       5
       3
       5
       8
       6
       6
       9
       5
       7
       4
       8
       4
       6
       6
       5
       4
       3
       3
       6
       8
       1
       3
       3
       2
      10
       1
       1
      10
       4
       2
      11
       4
       5
       7
       4
       5
       3
      10
       2
       5
       6
       2
       3
       2
       7
       7
       4
       2
      11
       3
       7
       5
       7
       1
       3
       5
       3
       1
       4
       6
       6
       4
       5
       4
       1
       4
       8
       7
       2
       7
       2
       4
       3
       5
       5
       1
       5
       6
       4
       7
       2
       1
       2
       5
       3
       3
       5
       6
       6
       6
       6
       6
       5
       9
       6
       8
       3
       4
       4
       0
       2
       6
       7
       7
       6
       5
       1
       3
       3
       4
       6
       4
       6
       4
       3
       3
       4
       6
       5
       6
      10
       2
       1
       7
      10
       7
       4
       4
       4
       4
       0
       4
       4
       4
       8
       2
       7
       4
       7
       8
       2
       2
       6
       2
       4
       6
       6
       4
       1
       5
       1
       5
       5
       3
       3
       4
       5
       4
       4
       6
       3
       7
       5
       3
       5
       5
       4
       3
       3
       2
       5
       6
       3
       6
       7
       7
       3
       6
       3
       0
       2
       1
       2
       4
       6
       1
       5
       3
       2
       5
       6
       4
       5
      10
       3
       3
       1
       1
       1
       4
       4
       4
       4
       1
       4
       5
       1
       2
       4
       3
       0
       0
       0
       5
       3
       4
       5
       4
       5
       5
       8
       2
       7
       4
       6
       6
       2
       3
       5
       1
       5
       3
       5
       3
       5
       1
       3
       3
       1
       3
       1
       3
       1
       4
       6
       3
       4
       0
       3
       2
       4
       2
       5
       3
       5
       2
       1
       4
       4
       3
       2
       5
       2
       2
       4
       5
       0
       5
       4
       1
       2
       3
       2
       4
       4
       3
       1
       3
       3
       2
       4
       4
       2
       3
       2
       0
       5
       4
       0
       1
       1
       2
       8
       1
       7
       4
       3
       3
       0
       3
       3
       3
       1
       3
       5
       1
       2
       4
       2
       6
       2
       2
       3
       6
       4
       5
       2
       3
       2
       2
       3
       3
       6
       1
       2
       4
       1
       5
       3
       3
       3
       2
       2
       2
       2
       3
       3
       3
       1
       2
       2
       3
       3
       0
       1
       2
       1
       2
       3
       3
       3
       3
       4
       4
       2
       2
       1
       1
       3
       4
       1
       2
       3
       4
       2
       2
       5
       2
       2
       1
       2
       2
       3
       2
       3
       3
       2
       1
       0
       4
       2
       3
       3
       4
       2
       3
       2
       2
       2
       1
       3
       1
       6
       5
       3
       6
       2
       3
       1
       5
       1
       2
       0
       1
       1
       1
       0
       3
       5
       0
       0
       6
       2
       1
       1
       1
       0
       2
       2
       3
       0
       2
       2
       1
       2
       3
       0
       6
       2
       1
       2
       2
       1
       1
       4
       3
       1
       1
       6
       2
       4
       3
       4
       4
       3
       4
       1
       0
       0
       2
       4
       2
       3
       4
       4
       4
       3
       1
       6
       2
       3
       3
       5
       1
       1
       3
       1
       2
       2
       4
       3
       2
       2
       5
       5
       1
       1
       1
       2
       1
       3
       1
       0
       1
       2
       6
       2
       1
       3
       5
       3
       4
       2
       4
       1
       0
       0
       1
       0
       2
       2
       2
       0
       2
       2
       1
       1
       6
       2
       2
       1
       1
       2
       2
       4
       1
       1
       1
       5
       0
       6
       4
       1
       1
       1
       4
       3
       2
       1
       3
       5
       1
       3
       3
       2
       2
       3
       0
       0
       3
       4
       2
       3
       1
       4
       2
       2
       5
       7
       1
       1
       2
       3
       4
       2
       2
       3
       2
       5
       0
       1
       2
       1
       1
       3
       4
       0
       3
       5
       2
       2
       4
       3
       4
       1
       2
       5
       5
       3
       1
       1
       6
       9
       2
       0
       4
       1
       1
       1
       2
       2
       3
       3
       2
       1
       4
       2
       4
       1
       2
       3
       6
       4
       0
       0
       6
       5
       1
       3
       2
       1
       1
       2
       1
       2
       2
       2
       2
       5
       3
       2
       3
       1
       3
       0
       1
       3
       0
       2
       4
       4
       1
       3
       2
       3
       2
       2
       2
       0
       3
       1
       0
       2
       0
       2
       3
       3
       1
       2
       1
       3
       2
       1
       0
       3
       2
       1
       0
       3
       4
       1
       2
       1
       1
       3
       3
       0
       4
       3
       2
       1
       2
       2
       2
       1
       4
       3
       3
       1
       3
       0
       1
       2
       2
       0
       3
       2
       1
       2
       2
       1
       3
       2
       2
       1
       1
       3
       3
       0
       1
       4
       2
       1
       3
       2
       3
       2
       3
       2
       2
       0
       1
       7
       3
       1
       3
       3
       5
       2
       1
       2
       2
       2
       4
       3
       3
       0
       0
       4
       3
       1
       2
       3
       2
       3
       1
       1
       2
       5
       3
       1
       3
       4
       0
       4
       1
       1
       1
       3
       1
       0
       3
       1
       0
       2
       0
       2
       3
       4
       1
       3
       3
       5
       0
       1
       3
       1
       0
       2
       3
       2
       1
       2
       3
       3
       3
       4
       2
       3
       1
       3
       1
       3
       2
       2
       1
       2
       2
       3
       1
       3
       1
       2
       2
       2
       1
       2
       2
       2
       1
       2
       1
       4
       3
       1
       1
       2
       3
       2
       2
       1
       1
       3
       3
       1
       4
       1
       1
       2
       1
       0
       2
       3
       2
       2
       2
       0
       0
       1
       4
       5
       1
       0
       1
       1
       3
       0
       2
       2
       2
       1
       1
       2
       3
       1
       4
       2
       0
       1
       6
       3
       0
       2
       3
       4
       2
       2
       0
       2
       1
       2
       1
       2
       0
       5
       2
       0
       1
       1
       0
       1
       2
       0
       0
       1
       1
       2
       0
       3
       1
       2
       1
       1
       4
       0
       2
       0
       3
       3
       2
       2
       1
       1
       1
       0
       1
       1
       1
       2
       1
       1
       0
       4
       4
       1
       3
       1
       5
       0
       2
       2
       0
       3
       5
       3
       2
       2
       1
       0
       1
       3
       0
       0
       1
       2
       2
       0
       3
       4
       0
       2
       1
       2
       3
       0
       1
       0
       2
       2
       1
       3
       4
       1
       2
       0
       3
       0
       1
       3
       2
       1
       0
       1
       2
       4
       1
       2
       1
       0
       2
       2
       4
       3
       0
       4
       5
       3
       3
       2
       1
       2
       1
       1
       0
       3
       3
       0
       1
       1
       4
       2
       0
       2
       4
       5
       1
       1
       3
       2
       1
       3
       1
       5
       1
       4
       2
       0
       0
       5
       2
       2
       3
       1
       2
       1
       2
       3
       4
       1
       2
       0
       2
       1
       0
       1
       5
       2
       2
       1
       1
       1
       0
       2
       2
       1
       0
       1
       3
       0
       3
       1
       2
       2
       6
       2
       2
       1
       3
       5
       0
       3
       1
       0
       1
       2
       4
       3
       0
       2
       2
       3
       2
       3
       1
       0
       1
       2
       4
       3
       0
       3
       1
       1
       3
       1
       0
       3
       2
       3
       0
       1
       2
       2
       0
       4
       1
       3
       1
       2
       1
       4
       0
       1
       2
       3
       1
       2
       2
       3
       3
       2
       1
       1
       0
       2
       3
       2
       1
       3
       3
       1
       0
       2
       1
       0
       3
       0
       1
       1
       2
       2
       2
       1
       1
       0
       4
       1
       1
       2
       4
       2
       2
       2
       2
       3
       2
       2
       0
       1
       4
       3
       1
       1
       4
       7
       1
       2
       3
       0
       2
       1
       1
       0
       0
       2
       1
       1
       1
       1
       3
       1
       1
       1
       1
       1
       2
       1
       1
       1
       1
       3
       0
       2
       4
       4
       3
       3
       0
       4
       0
       3
       2
       3
       4
       0
       1
       1
       0
       1
       0
       4
       3
       0
       2
       0
       1
       1
       1
       2
       1
       3
       3
       0
       2
       2
       1
       1
       2
       1
       2
       3
       1
       0
       2
       1
       3
       1
       2
       4
       3
       0
       1
       2
       3
       1
       1
       4
       2
       1
       1
       1
       1
       6
       2
       1
       1
       0
       1
       0
       1
       1
       2
       2
       2
       2
       3
       3
       0
       2
       0
       3
       0
       1
       0
       1
       0
       1
       4
       1
       1
       2
       2
       3
       2
       1
       0
       4
       3
       1
       1
       0
       1
       1
       1
       2
       1
       1
       3
       2
       1
       2
       2
       2
       1
       2
       3
       1
       1
       2
       2
       2
       2
       1
       1
       2
       2
       0
       3
       1
       2
       0
       2
       0
       2
       1
       1
       0
       3
       1
       0
       1
       0
       3
       2
       1
       2
       1
       0
       1
       2
       2
       0
       3
       0
       1
       2
       3
       4
       1
       1
       1
       1
       3
       2
       2
       0
       1
       2
       1
       2
       0
       2
       1
       1
       0
       0
       1
       1
       3
       0
       1
       0
       1
       3
       2
       3
       0
       0
       1
       0
       1
       1
       1
       3
       0
       1
       1
       2
       1
       1
       1
       1
       0
       1
       0
       1
       2
       0
       1
       2
       1
       1
       1
       3
       1
       0
       1
       1
       1
       1
       3
       0
       2
       1
       0
       1
       2
       1
       0
       1
       2
       0
       1
       1
       0
       1
       0
       0
       1
       1
       2
       1
       2
       1
       1
       2
       2
       0
       3
       2
       2
       2
       1
       1
       1
       3
       1
       0
       1
       2
       2
       0
       2
       1
       1
       0
       3
       3
       0
       1
       2
       2
       0
       1
       2
       1
       3
       0
       1
       1
       0
       0
       1
       0
       0
       3
       1
       2
       0
       0
       0
       1
       1
       1
       0
       1
       1
       0
       1
       2
       1
       0
       1
       0
       1
       0
       0
       2
       0
       0
       0
       0
       2
       0
       1
       0
       0
       3
       1
       4
       1
       1
       0
       0
       3
       0
       0
       1
       0
       1
       1
       1
       0
       0
       0
       1
       1
       1
       0
       1
       0
       1
       1
       1
       3
       1
       0
       1
       0
       0
       2
       3
       0
       1
       1
       2
       1
       1
       0
       0
       0
       0
       2
       0
       0
       2
       1
       1
       2
       1
       0
       2
       1
       0
       0
       0
       1
       3
       1
       0
       1
       0
       1
       2
       2
       0
       1
       0
       1
       1
       1
       0
       0
       3
       0
       1
       0
       0
       0
       1
       1
       0
       1
       0
       1
       0
       2
       1
       0
       2
       0
       0
       0
       2
       0
       1
       1
       2
       2
       0
       2
       1
       0
       1
       0
       1
       3
       0
       0
       0
       3
       0
       0
       1
       2
       0
       0
       0
       0
       1
       0
       1
       2
       0
       0
       0
       0
       0
       0
       0
       2
       1
       2
       0
       0
       1
       1
       2
       0
       1
       1
       1
       0
       0
       1
       0
       1
       0
       0
       1
       1
       0
       2
       4
       0
       0
       2
       0
       0
       0
       0
       0
       1
       0
       2
       1
       1
       2
       0
       0
       0
       1
       0
       1
       5
       1
       1
       1
       2
       2
       0
       1
       0
       1
       2
       0
       0
       4
       0
       0
       1
       1
       1
       1
       0
       1
       1
       0
       1
       1
       0
       1
       1
       2
       1
       3
       0
       0
       0
       0
       1
       1
       0
       0
       0
       2
       1
       1
       0
       3
       0
       1
       0
       3
       2
       1
       2
       3
       1
       0
       2
       1
       1
       1
       0
       1
       0
       2
       1
       0
       0
       0
       1
       3
       1
       1
       0
       1
       0
       1
       3
       1
       0
       0
       3
       0
       1
       2
       1
       0
       0
       0
       2
       2
       3
       0
       1
       1
       3
       0
       2
       0
       0
       0
       2
       1
       1
       3
       1
       1
       1
       2
       2
       1
       0
       1
       4
       4
       3
       2
       1
       0
       1
       2
       1
       3
       2
       0
       1
       0
       0
       0
       1
       2
       0
       2
       0
       1
       2
       2
       1
       0
       0
       0
       0
       0
       2
       1
       2
       2
       4
       1
       1
       1
       0
       0
       0
       0
       0
       1
       2
       1
       0
       2
       3
       2
       3
       2
       3
       1
       2
       0
       1
       0
       0
       1
       5
       1
       0
       2
       1
       1
       3
       1
       2
       2
       0
       2
       2
       0
       2
       1
       1
       4
       1
       3
       1
       2
       2
       5
       3
       1
       1
       2
       1
       1
       2
       2
       1
       2
       0
       2
       1
       2
       2
       1
       2
       2
       1
       0
       1
       1
       2
       1
       4
       0
       0
       5
       2
       2
       1
       1
       1
       3
       2
       0
       1
       5
       0
       6
       2
       1
       3
       0
       2
       0
       5
       4
       1
       0
       3
       3
       1
       4
       3
       4
       2
       0
       2
       1
       1
       3
       2
       1
       7
       4
       5
       2
       7
       1
       1
       3
       1
       2
       3
       0
       4
       0
       3
       1
       3
       5
       2
       4
       2
       2
       3
       2
       2
       6
       1
       3
       2
       3
       0
       0
       3
       0
       3
       3
       2
       4
       3
       2
       2
       1
       2
       5
       1
       3
       1
       3
       1
       1
       5
       2
       1
       2
       3
       2
       2
       2
       2
       2
       3
       3
       1
       4
       1
       3
       1
       3
       2
       2
       8
       1
       2
       1
       0
       1
       2
       1
       0
       1
       3
       0
       2
       2
       0
       1
       4
       2
       2
       5
       5
       4
       1
       1
       1
       3
       0
       0
       2
       1
       2
       1
       4
       0
       0
       1
       1
       3
       2
       1
       3
       2
       1
       2
       2
       1
       1
       2
       1
       1
       3
       1
       2
       0
       2
       0
       0
       0
       2
       3
       1
       1
       0
       3
       0
       3
       0
       0
       2
       2
       0
       1
       2
       2
       0
       2
       0
       4
       3
       0
       1
       1
       1
       1
       1
       2
       1
       2
       0
       0
       1
       0
       0
       0
       2
       2
       0
       4
       2
       1
       1
       3
       0
       1
       1
       1
       1
       1
       1
       2
       1
       1
       1
       1
       2
       1
       1
       2
       0
       1
       1
       2
       0
       0
       0
       1
       1
       2
       1
       0
       0
       1
       1
       1
       0
       0
       1
       0
       0
       1
       2
       1
       0
       0
       0
       1
       0
       1
       1
       0
       1
       1
       1
       0
       1
       0
       1
       0
       0
       1
       1
       0
       0
       0
       0
       1
       2
       0
       2
       0
       0
       0
       0
       0
       0
       0
       0
       0
       2
       0
       1
       1
       0
       0
       0
       0
       0
       0
       1
       0
       0
       0
       0
       1
       0
       0
       1
       0
       0
       0
       0
       0
       1
       1
       0
       0
       0
       0
       1
       0
       0
       0
       0
       0
       1
       1
       0
       1
       0
       1
       0
       0
       1
       0
       0
       0
       1
       2
       0
       0
       0
       1
       0
       0
       0
       1
       0
       0
       1
       1
       1
       0
       0
       0
       1
       0
       0
       0
       0
       0
       0
       0
       0
       0
       2
       1
       0
       1
       0
       0
       0
       1
       0
       0
       1
       0
       1
       0
       0
       0
       0
       0
       0
       0
       1
       0
       0
       0
       1
       0
       1
       0
       0
       0
       0
       1
       0
       0
       0
       0
       0
       0
       0
       0
       1
       1
       0
       1
       1
       0
       0
       2
       0
       2
       0
       0
       1
       1
       0
       0
       0
       0
       0
       0
       0
       2
       0
       0
       0
       0
       0
       0
       1
       0
       1
       0
       0
       2
       0
       0
       0
       0
       1
       0
       1
       0
       0
       0
       0
       1
       1
       0
       0
       0
       0
       1
       0
       1
       0
       0
       0
       0
       0
       0
       0
       0
       0
       0
       0
       0
       0
       0
       0
       0
       0
       0
       0
       0
       0
       0
       0
       0
       0
       0
       0
       0
       0
       0
       0
       0
       0
       0
       0
       0
       0
       0
       0
       0
       0
       0
       0
       0
       0
       0
       0
       0
       0
       0
       0
       0
       0
       0
       0
       0
       0
       0
       0
       0
       0
       0
       0
       0
       0
       0
       0
       0
$ROI:
0
$PRESETS:
None
0
0
$ENER_FIT:
-17.891762 0.407467
$MCA_CAL:
3
-1.789176E+001 4.074667E-001 0.000000E+000 keV
$SHAPE_CAL:
3
0.000000E+000 0.000000E+000 0.000000E+000
