$SPEC_ID:
No sample description was entered.
$SPEC_REM:
DET# 3
DETDESC# PHY-0040-AA Easy-MCA-8k SN 23293928
AP# Maestro Version 7.01
$DATE_MEA:
09/17/2026 10:35:47
$MEAS_TIM:
675 687
$DATA:
0 4095
       0
       0
       0
       0
       0
       0
       0
       0
       0
       0
       0
       0
       0
       0
       0
       0
       0
       0
       0
       0
       0
       0
       0
       0
       0
       0
       0
      65
     232
     251
     252
     263
     241
     235
     246
     269
     267
     279
     248
     276
     245
     240
     232
     279
     242
     317
     301
     294
     291
     269
     268
     280
     295
     314
     299
     341
     320
     361
     380
     428
     450
     429
     477
     508
     541
     604
     637
     745
     682
     761
     806
     858
     871
     826
     938
     933
     915
     883
     893
     875
     837
     799
     796
     775
     699
     696
     676
     665
     574
     589
     587
     538
     459
     473
     446
     467
     430
     459
     380
     367
     411
     366
     353
     372
     316
     303
     282
     300
     282
     305
     263
     247
     290
     214
     230
     236
     228
     213
     225
     191
     189
     202
     225
     244
     206
     201
     206
     196
     209
     204
     191
     220
     215
     197
     207
     218
     230
     240
     222
     241
     244
     246
     223
     262
     236
     261
     280
     265
     287
     259
     271
     265
     255
     291
     275
     263
     289
     301
     273
     296
     281
     314
     307
     328
     304
     313
     323
     301
     328
     309
     295
     369
     339
     314
     331
     347
     379
     354
     338
     383
     356
     373
     364
     403
     389
     414
     447
     465
     447
     458
     468
     471
     492
     560
     503
     592
     580
     617
     606
     685
     622
     747
     707
     756
     784
     826
     881
     953
    1058
    1016
    1070
    1139
    1221
    1342
    1410
    1429
    1486
    1555
    1606
    1706
    1776
    1818
    1939
    2028
    2106
    2190
    2210
    2284
    2359
    2414
    2544
    2559
    2560
    2621
    2691
    2708
    2845
    2789
    2881
    2754
    2825
    2763
    2874
    2798
    2781
    2669
    2818
    2676
    2722
    2599
    2584
    2612
    2606
    2503
    2470
    2515
    2385
    2440
    2425
    2394
    2410
    2358
    2454
    2368
    2475
    2482
    2586
    2614
    2658
    2655
    2865
    3003
    3107
    3028
    3207
    3471
    3463
    3872
    3988
    4342
    4459
    4681
    4997
    5201
    5621
    5935
    6529
    6809
    7303
    7713
    8222
    8917
    9363
   10104
   10582
   11469
   12015
   12749
   13241
   14086
   14948
   15676
   16628
   17240
   17993
   18623
   19276
   19980
   21113
   21679
   22145
   22686
   23197
   23750
   23838
   24525
   24838
   24866
   24788
   24985
   24911
   24986
   24642
   24585
   24195
   23975
   23526
   23011
   22248
   21692
   21086
   20760
   19783
   18948
   18605
   17839
   17083
   16452
   15538
   14955
   14048
   13357
   12732
   11965
   11368
   10825
   10145
    9649
    9116
    8624
    8082
    7623
    7163
    6640
    6395
    6154
    5684
    5345
    5052
    4792
    4639
    4202
    4075
    3798
    3575
    3414
    3288
    2979
    2885
    2723
    2513
    2333
    2343
    2124
    2184
    1908
    1774
    1707
    1632
    1497
    1439
    1294
    1246
    1108
    1132
     969
     924
     861
     800
     756
     666
     604
     581
     507
     476
     472
     434
     358
     354
     344
     320
     308
     296
     269
     253
     268
     239
     235
     196
     194
     191
     207
     165
     166
     163
     167
     144
     182
     131
     155
     160
     150
     149
     118
     130
     137
     130
     130
     135
     120
     128
     113
     150
     135
     134
     109
     158
     129
     136
     118
     138
     114
     127
      98
     107
     131
     119
     139
     146
     112
     133
     126
     124
     133
     113
     117
     127
     124
     126
     105
     119
     127
     113
     124
     134
     117
     124
     119
     106
     129
     122
     125
     118
     113
     144
     116
     121
     114
     119
     135
     105
     115
     144
     107
     116
     113
     113
     127
     134
     113
     111
     106
     107
     120
     116
     117
     109
     116
     116
     128
     138
     115
     108
     119
     118
     100
     103
     117
     107
     107
     116
     106
     108
      82
     110
     118
     109
     113
      96
      83
      99
     108
     115
     104
     124
     103
      85
     109
     106
     115
     116
     110
     105
     115
      83
      90
      95
      95
     102
     121
      95
     105
      94
     109
      97
     102
      96
     112
     110
      92
      91
     116
     105
      80
     102
     116
     108
     109
     104
      96
     116
      97
      79
      92
      96
     106
      92
      96
     104
     104
      98
      84
      96
      88
     100
     110
      82
      97
     105
     100
     103
     104
     106
     100
     107
      96
     101
     107
      92
      85
     100
      90
      81
      82
      93
      84
      85
      85
      93
      71
     106
      91
     113
      94
     100
      93
     100
      80
     108
      80
      93
      84
      94
      94
      82
      84
      98
      86
      98
      92
      88
      88
     115
     104
      84
      95
     108
      87
     107
      93
      89
      92
      81
     110
      94
      90
      82
     100
      84
      86
      89
      64
      92
      67
      82
      81
      75
      88
      76
      70
      86
      66
      70
      78
      73
      78
      82
      82
      68
      87
      71
      65
      66
      66
      73
      61
      77
      54
      77
      71
      59
      59
      57
      66
      66
      66
      49
      58
      44
      66
      68
      48
      58
      60
      65
      54
      45
      48
      49
      70
      51
      59
      56
      51
      53
      58
      48
      56
      40
      50
      46
      39
      48
      45
      62
      54
      56
      44
      50
      44
      46
      32
      40
      57
      42
      42
      40
      53
      52
      49
      33
      39
      37
      57
      44
      47
      40
      49
      46
      45
      40
      41
      33
      39
      39
      39
      44
      38
      32
      44
      27
      52
      32
      42
      37
      43
      36
      41
      50
      31
      29
      41
      40
      45
      38
      31
      33
      42
      29
      33
      32
      47
      45
      33
      38
      43
      30
      29
      50
      36
      41
      42
      36
      37
      25
      40
      49
      38
      33
      46
      43
      22
      38
      40
      51
      45
      52
      40
      20
      49
      27
      37
      24
      29
      37
      28
      36
      29
      24
      38
      36
      26
      25
      26
      56
      33
      26
      30
      31
      38
      34
      35
      25
      28
      37
      32
      33
      29
      25
      39
      35
      40
      37
      21
      39
      25
      21
      32
      25
      32
      32
      40
      33
      31
      33
      40
      33
      35
      34
      30
      21
      30
      25
      28
      31
      26
      32
      32
      26
      36
      30
      20
      26
      35
      37
      34
      34
      30
      31
      25
      20
      41
      24
      31
      26
      21
      40
      26
      27
      30
      23
      27
      30
      32
      33
      27
      25
      29
      32
      26
      32
      37
      32
      25
      32
      33
      25
      30
      17
      28
      36
      30
      34
      25
      25
      23
      38
      28
      22
      33
      21
      32
      22
      21
      25
      24
      15
      25
      31
      32
      27
      24
      28
      37
      27
      25
      26
      25
      27
      28
      36
      24
      24
      23
      25
      31
      25
      19
      29
      24
      23
      23
      24
      21
      30
      22
      30
      20
      28
      24
      19
      26
      20
      22
      25
      23
      23
      30
      21
      20
      23
      22
      22
      25
      28
      29
      22
      23
      16
      24
      31
      30
      21
      17
      26
      24
      23
      22
      21
      17
      21
      30
      18
      13
      31
      29
      13
      20
      16
      14
      19
      23
      21
      23
      15
      18
      19
      18
      20
      22
      14
      20
      21
      17
      16
      13
      15
      13
      21
      20
      20
      19
      26
      26
      15
      25
      22
      18
      16
      22
      14
      18
      20
      13
      11
      21
      16
      21
      14
      18
      21
      20
      19
      10
      19
      17
      15
      24
      21
      20
      24
      20
       8
      16
      18
      26
      23
      19
      20
      14
      14
      14
      20
      25
      14
      15
      16
      18
      20
      17
       9
      22
      27
      22
      21
      13
      10
      19
      14
      28
      17
      16
      19
       9
      10
      11
      20
      19
      20
      11
      18
      11
      13
      22
      11
      15
      16
      24
      18
      26
      20
      17
      18
      12
      15
      15
      12
      22
      18
      22
      11
      11
      16
       8
      16
      26
      14
      11
      12
      10
      25
      10
      22
      13
       7
      17
      11
       9
      16
      14
      17
      14
      15
      10
      14
      20
      14
      17
      23
      16
      13
      10
      16
      21
      13
      14
      13
      18
       9
      11
      15
      15
      15
      19
      16
      11
      14
      13
      14
      15
      22
      10
      12
      11
      21
      13
      11
       4
      19
       8
      14
      13
      15
      12
      19
      15
      14
      13
      14
      14
      12
       7
      11
      13
      12
      20
      15
       9
      20
      15
      18
      14
      17
      14
      14
       7
      11
      14
      15
      13
      18
      14
       8
      14
      19
       6
      13
       9
      12
      13
      16
      11
      11
      14
       8
      17
      14
      12
      16
      10
       8
      17
      16
      14
       9
      19
      16
      13
      13
      17
      14
      15
      13
      17
      17
      14
      11
      15
      11
      17
       6
      17
      13
      22
      11
      12
      14
      12
      10
       6
      12
      14
      18
      17
      17
      14
      10
      11
      26
      10
      13
      10
       7
      13
       9
      11
      14
      16
      12
      12
      10
      18
      14
      12
      13
      20
      12
       9
      16
       7
      15
      12
      13
      11
      16
      15
      15
      12
      11
       4
      13
      15
      11
      14
       8
      13
      16
      18
      11
      23
       8
       4
      16
       6
      11
       9
      10
      10
      13
      16
      12
      14
      11
      10
      10
      16
      11
      10
      11
      11
      12
       9
      14
      11
      13
       9
      13
       7
       6
      10
      10
       9
       6
      12
      11
      17
      12
       3
      13
      13
      12
       8
      19
      16
       9
      15
      12
      15
      10
      14
      15
      14
       8
      13
      18
      16
       8
      12
      11
       7
      13
       3
       8
      12
      10
       7
      14
      11
      16
       5
      15
      13
      15
      14
       9
      11
       7
      10
      10
       5
      11
      15
      10
       8
       1
      18
       9
       5
       9
      10
       8
      10
      11
      13
      15
       8
       6
      11
      17
      12
       7
       8
       8
       9
       9
      11
       4
       7
      14
       5
       8
      13
      11
      11
       9
       4
       9
       6
      14
      11
      14
       7
       9
       8
      13
      11
      10
      18
       7
       8
       8
       9
      10
      11
       9
       4
       3
      11
       8
       8
       8
      13
       7
       1
      13
       9
      10
      11
       7
       7
      16
       7
      13
       6
      12
      19
       6
      14
      14
      12
       4
       8
      14
      10
      16
      12
       7
       7
      10
      12
      15
      16
       9
      12
       6
       4
       8
       9
      11
      11
      11
       7
       4
      11
      11
      14
       6
      11
       9
      11
      14
      10
       9
      11
      10
       7
      13
      14
       4
       7
       8
       8
       8
       8
      14
      11
      10
      11
       7
       8
      11
       4
      11
      11
      13
      13
       8
      14
       8
       9
      10
       7
       8
      12
       4
      10
      14
       9
      10
      11
       9
       7
       9
       5
      10
       7
      11
       9
      15
       5
      13
      11
       9
      15
      10
       9
       6
       9
      13
      12
       8
       3
      11
      13
       8
      12
      16
       9
      12
       7
       8
      10
      17
      13
       6
       7
      12
       8
       8
       9
      12
      11
      13
      11
       7
       7
      12
       9
       9
      10
      12
       5
      10
      12
       8
       9
      11
       3
       7
       9
      10
       7
       8
       9
       7
       8
      15
       9
       6
      10
       6
      11
       6
       5
       8
      14
       8
       9
      12
      15
       8
      14
      11
      13
       3
      11
       7
      13
      11
      13
      14
       8
       6
       8
      13
      13
      10
      14
       3
      14
       7
      15
       9
      13
       9
       8
       5
       7
      18
       1
       7
       6
      15
       9
       8
       9
       8
       9
       4
       7
       8
       8
      11
      13
      11
       9
       5
      12
       9
       8
       8
      14
      16
      11
      12
      12
      10
      11
      13
       7
       5
      18
       6
       8
      11
      11
       8
      16
       8
      12
      13
      12
       9
      10
      13
       9
       8
       6
      11
       5
       5
      14
      15
      12
      12
      11
      10
      14
      10
      16
      14
       9
       7
      14
       9
       6
      12
       9
      10
       8
       9
      10
      13
      14
       9
      11
       5
      11
      18
      12
      10
       5
       8
      16
       6
      10
      14
      13
      10
       8
      10
      12
       8
      13
       9
       8
      15
       7
      12
       9
      12
       9
      10
      11
      13
      10
      11
       9
      17
      15
      13
      15
       7
      12
      13
       8
       9
       5
      11
      11
      10
       7
      14
       8
      14
       5
      12
      13
      10
      11
      11
      10
      13
      11
      11
       5
       7
       3
       8
       8
       7
      12
      11
      15
       8
       9
      11
       9
       5
       9
      12
       7
       6
      11
       9
       9
      11
      16
       4
      14
      10
       9
      14
       8
      13
       9
       5
      11
       6
       7
      15
       6
      12
       8
       9
       8
       8
      12
       5
       8
      11
       7
       7
       5
      10
      11
      15
       8
      10
       7
       4
       4
       9
      12
       4
       9
       8
      12
       8
       9
       2
       4
       8
      11
       4
       6
       6
       5
       5
       9
       9
      10
       9
       4
       5
       3
       1
       5
       7
       6
       5
       5
       7
       6
       4
       5
       8
       3
       6
       6
       8
       5
       5
       8
       5
       9
       6
       8
       7
       6
       8
       7
       7
       7
       2
       8
       6
       3
       7
       8
      11
       5
       5
       6
       6
       6
       6
       5
       7
       2
       3
       4
       5
       4
       6
       8
       4
       4
       7
       5
       3
       6
       4
       3
       4
       2
      10
       7
       5
       9
       2
       8
       6
       2
       6
       8
       2
       9
       7
       8
       6
       5
       6
       5
       5
       5
       4
       2
       5
       4
       6
      11
       9
       6
       3
       6
       5
       2
       6
       5
       2
       6
       8
       5
       7
       2
       5
       5
       5
       4
       7
       7
       7
       7
       3
       5
       6
       9
       5
       3
       4
       6
       3
       8
       3
       7
       8
       1
       7
       6
       3
       8
       0
       4
       4
       7
       3
       3
       2
       3
       6
       6
       2
       7
       3
       5
       3
       4
       4
       4
       4
       4
       1
       5
       4
       2
       3
       4
       6
       8
       6
       8
       4
       7
       5
       3
       8
       4
       4
       4
       6
       3
       1
       3
       4
       8
       5
       4
       2
       6
       4
       9
       6
       4
       2
      10
       3
       3
       1
       4
       9
       7
       6
       6
       5
       3
       4
       5
       7
       4
       3
       6
       5
       2
       4
       5
       6
       6
       2
       2
       7
       4
       4
       2
       5
       2
       5
       2
       6
       4
       2
       9
       7
       4
       4
       7
       3
       3
       4
       5
       4
       3
       7
       6
       4
       5
       3
       2
       3
       4
       5
       1
       4
       4
       4
       4
       1
       4
       4
       4
       5
       4
       2
       4
       4
       3
       7
       6
       2
       1
       4
       2
       4
       6
       2
       4
       6
       4
       6
       2
       2
       1
       6
       7
       4
       3
       4
       6
       2
       3
       3
       3
       3
       3
       6
       1
       3
       1
       3
       6
       4
       0
       9
       3
       6
       4
       5
       1
       5
       6
       4
       7
       3
       5
       7
       4
      11
       4
       7
       8
       1
       2
       4
       2
       3
       3
       7
       5
       4
       5
       9
       2
       5
       5
       1
       3
       5
       3
       3
       4
       2
       4
       6
       6
       4
       5
       1
       3
       5
       2
       5
       4
       6
       1
       5
       2
       1
       3
       4
       5
       4
       7
       9
       2
       6
       2
       2
       3
       5
       7
       6
       1
       2
       7
       2
       4
       3
       4
       4
       6
       1
       2
       3
       1
       5
       1
       7
       3
       3
       1
       4
       5
       1
       4
       4
       4
       7
       3
       2
       1
      10
       3
       8
       2
       3
       7
       3
       6
       2
       6
       5
       3
       7
       5
       2
       4
       5
       3
       7
       3
       2
       6
       3
       6
       1
       1
       2
       4
       5
       6
       5
       1
       8
       7
       3
       4
       4
       4
       2
       3
       9
       3
       7
       5
       7
       6
       4
       3
       4
       7
       4
       6
       6
       4
       4
       3
       3
       5
       5
       7
       5
       2
       6
       1
       4
       9
       1
       3
       3
       1
       1
       2
       4
       7
       1
       2
       3
       6
       3
       1
       6
       4
       2
       3
       6
       2
       4
       9
       1
       3
       4
       5
       3
       2
       3
       3
       4
       4
       3
       5
       3
       2
       5
       3
       5
       6
       2
       4
       2
       4
       5
       5
       2
       3
       4
       3
       9
       0
       2
       4
       7
       5
       2
       2
       3
       7
       5
       4
       4
       3
       4
       4
       3
       6
       6
       7
       4
       1
       6
       3
       2
       4
       3
       2
       5
       4
       7
       4
       8
       3
       1
       2
       6
       6
       2
       5
       8
       4
       3
       6
       6
       8
       3
       3
       5
       2
       3
       6
       2
       0
       3
       6
       8
       5
       3
       4
       3
       3
       2
       7
       2
       3
       3
       6
       2
       4
       3
       4
       6
       3
       2
       4
       3
       1
       3
       3
       3
       3
       5
       5
       1
       4
       1
       2
       3
       4
       6
       4
       7
       4
       3
       2
       3
       4
       6
       3
       2
       4
       2
       4
       3
       4
       6
       5
       3
       3
       3
       2
       2
       5
      11
       3
       7
       3
       4
       3
       2
       2
       4
       5
       7
       3
       1
       6
       9
       8
       7
       3
       2
       3
       1
       3
       3
       3
       3
       7
       2
       5
       2
       3
       2
       4
       7
       3
       4
       2
       4
      10
       1
       1
       4
       5
       2
       4
       4
       2
       5
       5
       6
       2
       1
       7
       3
       3
       4
       3
       4
       3
       3
       3
       2
       4
       3
       4
       3
       4
       3
       4
       2
       3
       6
       2
       2
       5
       2
       4
       3
       5
       1
       4
       2
       7
       3
       2
       2
       7
       2
       4
       1
       3
       3
       4
       6
       2
       5
       3
       2
       8
       3
       0
       3
       5
       3
       3
       4
       5
       4
       3
      11
       2
       1
       4
       3
       5
       4
       6
       5
       5
       6
       2
       6
       2
       4
       3
       1
       3
       1
       2
       3
       3
       2
       5
       6
       7
       5
       3
       2
       1
       3
       1
       2
       5
       1
       5
       2
       3
       1
       3
       3
       1
       4
       2
       2
       5
       4
       0
       7
       2
       3
       3
       5
       4
       4
       3
       3
       1
       1
       1
       4
       4
       4
       3
       5
       4
       3
       3
       3
       2
       2
       3
       3
       3
       4
       4
       2
       6
       4
       1
       5
       1
       4
       5
       2
       3
       2
       2
       3
       3
       1
       1
       5
       6
       6
       5
       1
       7
       2
       0
       3
       2
      11
       6
       5
       7
       5
       3
       2
       1
       1
       4
       3
       5
       1
       9
       4
       5
       4
       1
       2
       2
       0
       3
       4
       6
       3
       1
       2
       4
       3
       3
       3
       2
       2
       1
       3
       3
       1
       4
       3
       4
       2
       4
       4
       3
       3
       6
       4
       4
       5
       5
       2
       2
       4
       6
       1
       2
       3
       3
       3
       3
       2
       3
       1
       4
       3
       2
       3
       8
       5
       4
       4
       2
       2
       4
       1
       5
       3
       1
       7
       0
       0
       5
       2
       4
       2
       1
       3
       6
       0
       2
       3
       2
       1
       4
       4
       3
       2
      10
       4
       2
       2
       2
       3
       7
       5
       5
       2
       6
       2
       7
       2
       4
       7
       3
       7
       5
       7
       3
       1
       4
       7
       3
       5
       3
       5
       3
       5
       1
       3
       1
       4
       2
       1
       5
       6
       1
       3
       3
       1
       2
       1
       3
       4
       4
       2
       3
       5
       5
       1
       3
       3
       4
       2
       2
       3
       1
       1
       4
       2
       2
       3
       2
       2
       4
       0
       3
       2
       3
       5
       2
       2
       4
       5
       3
       1
       6
       4
       4
      12
       2
       6
       4
       0
       2
       6
       1
       2
       3
       3
       1
       1
       3
       2
       4
       1
       3
       1
       1
       1
       3
       4
       6
       4
       0
       2
       3
       5
       2
       4
       4
       0
       4
       4
       4
       1
       1
       5
       3
       2
       2
       3
       6
       7
       0
       2
       2
       2
       5
       1
       5
       3
       1
       4
       5
       4
       1
       9
       3
       5
       2
       1
       3
       4
       3
       1
       2
       3
       2
       4
       1
       3
       2
       2
       0
       0
       1
       4
       2
       2
       1
       3
       3
       0
       1
       2
       2
       2
       0
       3
       4
       2
       1
       5
       4
       0
       2
       3
       4
       0
       4
       2
       6
       2
       4
       1
       6
       2
       1
       1
       1
       4
       4
       0
       2
       2
       2
       1
       3
       3
       3
       2
       3
       2
       3
       2
       2
       1
       6
       3
       2
       2
       4
       0
       1
       3
       1
       4
       3
       0
       2
       1
       6
       2
       6
       2
       4
       1
       2
       4
       2
       0
       4
       4
       2
       1
       2
       1
       4
       2
       1
       3
       2
       2
       2
       2
       3
       2
       2
       3
       2
       3
       2
       4
       3
       3
       3
       1
       6
       5
       3
       2
       4
       1
       1
       3
       2
       2
       2
       3
       3
       0
       1
       4
       3
       2
       2
       4
       3
       3
       0
       1
       2
       3
       2
       2
       3
       2
       2
       1
       3
       2
       4
       2
       5
       1
       1
       3
       2
       0
       2
       0
       0
       2
       4
       1
       2
       4
       2
       2
       2
       3
       2
       4
       0
       2
       0
       1
       1
       3
       3
       0
       1
       1
       2
       3
       1
       3
       3
       4
       3
       2
       3
       5
       2
       2
       2
       1
       1
       3
       2
       1
       2
       5
       2
       2
       1
       2
       1
       2
       0
       5
       1
       3
       1
       1
       1
       1
       2
       3
       1
       1
       3
       2
       2
       4
       5
       2
       2
       3
       5
       2
       2
       2
       2
       4
       3
       2
       2
       0
       3
       0
       2
       1
       3
       2
       1
       0
       2
       2
       2
       2
       1
       2
       1
       1
       3
       3
       4
       2
       1
       1
       1
       1
       2
       0
       0
       3
       2
       1
       0
       0
       2
       4
       2
       3
       1
       2
       1
       0
       3
       0
       3
       1
       1
       2
       2
       1
       2
       2
       4
       1
       1
       0
       1
       1
       1
       2
       8
       0
       0
       1
       4
       2
       0
       1
       0
       1
       1
       3
       1
       3
       3
       0
       0
       5
       0
       2
       1
       3
       0
       3
       3
       3
       2
       3
       2
       3
       2
       1
       1
       2
       1
       1
       2
       1
       0
       1
       0
       1
       1
       3
       1
       1
       1
       1
       0
       2
       3
       0
       1
       3
       1
       1
       1
       0
       2
       2
       2
       5
       0
       0
       0
       3
       2
       0
       1
       1
       3
       2
       0
       3
       2
       0
       1
       2
       1
       1
       1
       1
       0
       1
       3
       0
       2
       2
       3
       2
       0
       2
       4
       1
       1
       1
       3
       0
       2
       1
       2
       1
       2
       1
       3
       0
       3
       4
       2
       0
       0
       0
       2
       1
       1
       1
       1
       0
       3
       2
       1
       0
       1
       2
       0
       1
       1
       2
       2
       4
       0
       2
       4
       0
       1
       1
       0
       2
       4
       1
       3
       2
       1
       0
       1
       0
       3
       3
       1
       3
       0
       2
       0
       0
       0
       3
       3
       1
       1
       0
       5
       1
       0
       4
       1
       1
       0
       1
       1
       1
       3
       2
       1
       0
       0
       1
       0
       3
       4
       2
       0
       0
       1
       0
       4
       3
       1
       0
       0
       1
       1
       1
       1
       1
       0
       4
       0
       5
       0
       2
       1
       2
       0
       3
       4
       1
       2
       3
       2
       1
       3
       1
       6
       2
       3
       1
       0
       1
       1
       2
       3
       1
       2
       1
       2
       3
       0
       0
       5
       1
       3
       1
       1
       3
       1
       0
       1
       0
       3
       2
       1
       3
       2
       2
       2
       1
       3
       0
       2
       5
       3
       0
       2
       1
       1
       1
       3
       4
       0
       3
       2
       3
       3
       1
       1
       5
       3
       0
       1
       3
       0
       4
       2
       3
       3
       0
       2
       4
       2
       4
       1
       3
       3
       5
       2
       1
       3
       7
       1
       2
       1
       4
       1
       1
       3
       2
       4
       2
       2
       1
       2
       0
       1
       1
       1
       2
       2
       1
       2
       1
       1
       3
       1
       2
       2
       2
       2
       4
       0
       2
       3
       6
       6
       3
       1
       1
       2
       1
       4
       1
       2
       3
       0
       5
       2
       6
       2
       6
       3
       3
       2
       4
       2
       4
       4
       5
       3
       3
       2
       3
       2
       5
       2
       2
       2
       5
       3
       1
       2
       6
       2
       3
       4
       2
       4
       4
       4
       4
       3
       4
       8
       1
       5
       2
       3
       5
       5
       3
       2
       4
       3
       1
       1
       4
       3
       2
       4
       8
       2
       5
       1
       6
       3
       2
       5
       2
       3
       2
       2
       2
       2
       3
       1
       3
       5
       4
       2
       2
       4
       6
       7
       4
       4
       4
       3
       3
       3
       8
       4
       3
       7
       4
       5
       4
       7
       4
       3
       4
       2
       2
       4
       5
       4
       5
       9
       2
       4
       4
       2
       2
       6
       6
       3
       5
       4
       7
       5
       4
       8
       8
      10
       3
       4
       6
       8
       2
       4
       3
       2
       4
       3
       5
       5
       3
       4
       5
       3
      12
       1
       5
       3
       6
       5
       6
       4
       7
       4
       4
       5
       2
       7
       4
       2
       4
       2
       7
       4
       2
       7
       2
       3
       5
       2
       1
       3
       4
       4
       5
       5
       6
       5
       4
       2
       5
       4
       3
       3
       3
       5
       4
       5
       3
       4
       5
       6
       3
       4
       1
       1
       3
       1
       4
       1
       4
       3
       7
       4
       5
       4
       2
       3
       8
       3
       0
       3
       4
       2
       3
       7
       2
       6
       2
       2
       4
       2
       3
       2
       3
       1
       4
       4
       3
       1
       4
       4
       1
       5
       1
       2
       2
       1
       2
       1
       4
       0
       5
       5
       2
       2
       5
       1
       0
       4
       2
       0
       1
       5
       1
       1
       1
       3
       2
       1
       0
       3
       4
       0
       2
       2
       0
       4
       2
       5
       0
       0
       1
       2
       4
       3
       1
       2
       1
       1
       2
       5
       0
       2
       2
       2
       2
       1
       1
       0
       2
       0
       4
       0
       3
       5
       0
       3
       3
       3
       1
       2
       1
       3
       0
       1
       0
       1
       2
       2
       0
       1
       0
       0
       2
       0
       2
       1
       2
       2
       0
       2
       2
       3
       1
       1
       1
       1
       0
       0
       0
       1
       3
       1
       2
       4
       1
       0
       2
       0
       0
       3
       1
       1
       0
       0
       0
       1
       0
       1
       3
       1
       3
       4
       0
       0
       1
       1
       1
       3
       0
       0
       2
       3
       1
       1
       0
       1
       0
       1
       0
       1
       0
       1
       0
       1
       0
       0
       0
       1
       1
       0
       1
       0
       0
       1
       0
       1
       2
       0
       0
       1
       0
       2
       1
       3
       2
       0
       1
       2
       0
       2
       0
       1
       0
       0
       1
       1
       0
       1
       2
       1
       1
       0
       0
       1
       0
       1
       0
       0
       2
       0
       0
       1
       2
       0
       0
       0
       0
       0
       1
       0
       0
       0
       1
       0
       1
       0
       0
       0
       1
       0
       2
       0
       0
       1
       0
       0
       0
       1
       0
       0
       1
       0
       2
       2
       0
       1
       0
       1
       0
       0
       2
       0
       0
       3
       0
       0
       2
       1
       0
       0
       0
       0
       1
       1
       0
       0
       0
       0
       0
       2
       0
       1
       0
       1
       0
       1
       0
       0
       0
       0
       1
       1
       1
       0
       0
       1
       1
       1
       0
       0
       1
       1
       2
       1
       0
       0
       1
       1
       0
       1
       0
       0
       0
       0
       0
       0
       0
       0
       0
       0
       0
       0
       0
       0
       0
       0
       0
       0
       0
       0
       0
       0
       0
       0
       0
       0
       0
       0
       0
       0
       0
       0
       0
       0
       0
       0
       0
       0
       0
       0
       0
       0
       0
       0
       0
       0
       0
       0
       0
       0
       0
       0
       0
       0
       0
       0
       0
       0
       0
       0
       0
       0
       0
       0
$ROI:
0
$PRESETS:
None
0
0
$ENER_FIT:
-17.891762 0.407467
$MCA_CAL:
3
-1.789176E+001 4.074667E-001 0.000000E+000 keV
$SHAPE_CAL:
3
0.000000E+000 0.000000E+000 0.000000E+000
