$SPEC_ID:
No sample description was entered.
$SPEC_REM:
DET# 3
DETDESC# PHY-0040-AA Easy-MCA-8k SN 23293928
AP# Maestro Version 7.01
$DATE_MEA:
09/17/2026 09:17:31
$MEAS_TIM:
896 909
$DATA:
0 4095
       0
       0
       0
       0
       0
       0
       0
       0
       0
       0
       0
       0
       0
       0
       0
       0
       0
       0
       0
       0
       0
       0
       0
       0
       0
      26
       3
      35
     162
     201
     191
     178
     189
     180
     207
     176
     205
     215
     193
     211
     206
     197
     212
     213
     211
     211
     215
     210
     219
     198
     231
     232
     223
     218
     234
     240
     223
     239
     228
     232
     237
     265
     274
     257
     220
     262
     226
     268
     308
     249
     290
     260
     280
     284
     311
     287
     273
     279
     296
     253
     256
     253
     286
     264
     262
     260
     262
     267
     268
     253
     251
     276
     259
     212
     259
     268
     237
     256
     242
     250
     248
     249
     252
     259
     263
     246
     238
     222
     238
     229
     256
     247
     247
     266
     259
     267
     257
     246
     247
     262
     258
     261
     265
     250
     278
     287
     270
     302
     282
     270
     284
     320
     247
     294
     283
     286
     301
     291
     270
     296
     307
     302
     311
     314
     303
     332
     308
     316
     327
     311
     355
     353
     334
     354
     350
     372
     392
     338
     365
     389
     359
     390
     369
     361
     381
     389
     354
     383
     421
     374
     359
     342
     342
     349
     367
     375
     333
     372
     367
     333
     341
     356
     338
     371
     360
     331
     405
     347
     352
     323
     344
     347
     347
     344
     345
     355
     348
     354
     356
     368
     338
     358
     331
     345
     362
     364
     342
     351
     376
     350
     371
     347
     357
     363
     391
     363
     377
     367
     383
     363
     397
     371
     367
     397
     383
     399
     346
     378
     372
     372
     390
     387
     379
     398
     373
     360
     405
     354
     394
     366
     396
     395
     355
     370
     395
     373
     401
     368
     382
     400
     378
     376
     360
     390
     412
     384
     371
     379
     394
     378
     375
     414
     390
     391
     392
     358
     347
     377
     367
     414
     409
     398
     378
     367
     415
     352
     380
     371
     396
     384
     399
     414
     389
     387
     401
     394
     415
     400
     363
     381
     393
     404
     379
     388
     401
     406
     406
     408
     408
     412
     365
     388
     413
     408
     389
     376
     409
     401
     383
     437
     397
     360
     398
     406
     446
     401
     361
     380
     384
     396
     399
     380
     397
     415
     378
     432
     447
     382
     406
     371
     387
     383
     395
     367
     397
     390
     412
     376
     421
     366
     402
     374
     394
     395
     384
     356
     380
     380
     380
     367
     396
     354
     396
     350
     408
     352
     382
     363
     335
     388
     332
     351
     380
     402
     351
     372
     368
     365
     302
     382
     383
     339
     399
     401
     373
     343
     353
     359
     339
     341
     379
     359
     327
     368
     362
     344
     338
     341
     391
     336
     349
     362
     340
     340
     351
     363
     377
     340
     379
     365
     322
     355
     363
     321
     336
     340
     389
     334
     328
     340
     358
     311
     348
     345
     350
     344
     326
     349
     351
     345
     325
     340
     338
     355
     339
     346
     338
     321
     337
     354
     325
     353
     337
     347
     380
     323
     329
     351
     328
     324
     369
     326
     350
     331
     291
     322
     320
     337
     348
     367
     338
     328
     335
     312
     329
     319
     352
     342
     349
     338
     345
     327
     315
     385
     320
     292
     327
     343
     298
     312
     326
     315
     306
     313
     331
     337
     310
     308
     352
     332
     363
     302
     317
     313
     335
     319
     308
     336
     326
     327
     319
     297
     299
     309
     280
     337
     313
     322
     312
     315
     327
     353
     328
     337
     359
     346
     336
     287
     316
     287
     303
     308
     361
     301
     328
     318
     321
     342
     326
     329
     346
     326
     348
     320
     334
     307
     332
     287
     346
     340
     308
     320
     331
     334
     298
     316
     322
     353
     349
     343
     338
     321
     369
     314
     295
     347
     298
     351
     352
     383
     389
     332
     370
     329
     320
     327
     325
     365
     374
     329
     336
     364
     376
     319
     371
     351
     335
     376
     319
     319
     349
     338
     347
     344
     332
     378
     345
     380
     322
     336
     317
     325
     346
     322
     333
     338
     334
     361
     350
     332
     340
     339
     355
     361
     320
     336
     343
     364
     335
     346
     351
     320
     341
     321
     308
     321
     330
     362
     344
     295
     309
     337
     347
     325
     331
     333
     351
     322
     295
     305
     316
     362
     311
     336
     341
     298
     319
     320
     341
     329
     325
     290
     293
     334
     334
     321
     292
     316
     302
     316
     340
     312
     326
     307
     305
     323
     304
     287
     270
     314
     306
     333
     312
     330
     312
     277
     306
     305
     312
     268
     324
     327
     303
     309
     312
     300
     282
     326
     287
     308
     301
     286
     292
     283
     302
     277
     285
     274
     296
     282
     286
     266
     284
     297
     289
     309
     270
     293
     268
     249
     308
     270
     306
     303
     280
     264
     295
     299
     279
     278
     249
     276
     276
     281
     293
     279
     288
     289
     277
     259
     300
     298
     274
     310
     248
     262
     285
     257
     270
     281
     275
     283
     272
     269
     265
     300
     270
     261
     294
     323
     283
     273
     280
     265
     277
     256
     257
     252
     264
     266
     287
     313
     261
     281
     279
     257
     254
     241
     288
     272
     264
     261
     266
     248
     266
     254
     241
     264
     303
     278
     281
     256
     288
     248
     255
     252
     250
     253
     276
     253
     279
     225
     258
     258
     243
     256
     245
     292
     266
     283
     291
     247
     274
     263
     292
     263
     274
     256
     249
     263
     286
     260
     280
     276
     268
     222
     257
     246
     281
     254
     249
     261
     261
     241
     268
     271
     228
     224
     273
     282
     269
     241
     244
     258
     257
     248
     262
     235
     285
     250
     248
     267
     272
     246
     236
     221
     258
     235
     265
     270
     264
     250
     285
     247
     256
     255
     239
     227
     212
     254
     231
     256
     262
     230
     270
     240
     286
     228
     225
     257
     247
     269
     243
     235
     228
     245
     208
     213
     283
     250
     236
     237
     226
     208
     235
     249
     253
     239
     256
     228
     219
     255
     260
     238
     248
     232
     204
     227
     223
     219
     288
     230
     220
     253
     229
     226
     222
     229
     246
     218
     219
     214
     219
     225
     273
     261
     238
     244
     220
     211
     230
     229
     217
     210
     221
     227
     250
     216
     248
     213
     235
     260
     235
     225
     217
     230
     217
     201
     267
     270
     217
     232
     230
     246
     226
     213
     223
     226
     239
     231
     238
     228
     221
     199
     254
     222
     221
     208
     232
     199
     226
     223
     217
     228
     215
     230
     235
     222
     217
     210
     230
     201
     249
     222
     228
     235
     223
     202
     206
     211
     235
     206
     207
     229
     233
     216
     211
     249
     194
     229
     190
     209
     218
     212
     225
     234
     221
     215
     240
     207
     202
     218
     231
     239
     219
     219
     222
     216
     210
     234
     197
     225
     233
     224
     215
     218
     215
     223
     230
     247
     225
     216
     225
     201
     182
     192
     215
     198
     203
     220
     217
     217
     220
     197
     218
     211
     218
     200
     207
     204
     222
     220
     224
     208
     219
     191
     210
     229
     198
     203
     228
     199
     229
     218
     210
     217
     200
     213
     204
     198
     189
     205
     224
     220
     185
     214
     222
     239
     199
     206
     223
     217
     216
     215
     200
     195
     234
     211
     227
     217
     206
     218
     201
     224
     209
     219
     206
     223
     220
     228
     238
     186
     216
     203
     207
     202
     204
     215
     200
     208
     206
     199
     211
     235
     204
     228
     199
     199
     233
     218
     205
     212
     213
     201
     207
     181
     213
     244
     195
     236
     193
     220
     200
     202
     197
     199
     224
     180
     218
     216
     214
     216
     202
     191
     198
     202
     185
     205
     211
     205
     187
     218
     209
     246
     199
     187
     189
     200
     200
     196
     200
     202
     178
     213
     186
     187
     197
     197
     194
     196
     200
     180
     210
     200
     195
     213
     195
     197
     199
     210
     195
     189
     198
     220
     214
     201
     203
     193
     198
     189
     242
     195
     190
     184
     192
     220
     227
     231
     189
     194
     208
     201
     204
     192
     206
     200
     195
     198
     197
     193
     188
     203
     165
     196
     219
     178
     193
     204
     210
     212
     180
     192
     204
     187
     203
     209
     189
     166
     190
     190
     185
     188
     199
     180
     218
     195
     206
     191
     212
     168
     198
     212
     193
     183
     198
     205
     196
     184
     198
     199
     191
     182
     199
     179
     209
     215
     156
     204
     183
     193
     211
     224
     207
     213
     212
     217
     190
     174
     191
     195
     221
     204
     203
     207
     216
     201
     188
     206
     193
     205
     198
     197
     199
     196
     189
     213
     208
     216
     179
     208
     204
     199
     197
     221
     204
     195
     202
     198
     172
     212
     200
     174
     198
     204
     206
     215
     181
     179
     210
     207
     189
     176
     208
     191
     206
     207
     211
     216
     220
     213
     212
     193
     181
     208
     203
     178
     220
     189
     179
     208
     189
     187
     197
     216
     215
     199
     180
     218
     183
     211
     205
     184
     168
     180
     201
     221
     194
     186
     182
     200
     201
     208
     177
     192
     199
     178
     190
     190
     217
     189
     203
     180
     198
     213
     194
     225
     209
     204
     178
     210
     182
     203
     203
     192
     201
     189
     191
     184
     192
     222
     189
     189
     193
     189
     193
     201
     209
     181
     206
     211
     200
     195
     181
     158
     190
     172
     192
     193
     189
     221
     198
     176
     193
     170
     180
     191
     187
     196
     173
     196
     193
     202
     170
     185
     178
     198
     180
     210
     197
     197
     205
     207
     184
     221
     170
     187
     182
     184
     220
     197
     173
     186
     195
     222
     187
     152
     199
     207
     224
     196
     189
     203
     197
     213
     182
     203
     168
     213
     167
     225
     199
     202
     220
     183
     171
     198
     201
     191
     227
     208
     163
     197
     199
     174
     201
     197
     202
     199
     216
     218
     212
     190
     211
     201
     207
     197
     200
     186
     216
     222
     221
     214
     205
     215
     193
     212
     175
     188
     175
     184
     183
     207
     198
     197
     202
     194
     198
     197
     197
     206
     195
     211
     201
     213
     212
     195
     196
     188
     215
     190
     215
     196
     181
     185
     225
     187
     191
     222
     185
     178
     203
     219
     210
     207
     190
     214
     202
     223
     197
     204
     186
     184
     171
     185
     183
     208
     221
     190
     200
     211
     223
     185
     169
     183
     235
     205
     197
     178
     198
     198
     185
     225
     197
     183
     186
     197
     212
     210
     196
     201
     195
     209
     222
     207
     210
     195
     174
     176
     190
     198
     178
     202
     197
     173
     200
     164
     182
     205
     210
     199
     203
     190
     211
     211
     195
     184
     197
     187
     199
     189
     193
     196
     202
     241
     216
     218
     174
     171
     200
     192
     215
     207
     200
     214
     206
     189
     211
     203
     206
     214
     184
     205
     199
     201
     188
     189
     202
     215
     192
     188
     184
     210
     216
     196
     196
     185
     190
     201
     229
     204
     203
     177
     206
     215
     180
     202
     210
     218
     202
     220
     195
     189
     225
     212
     191
     208
     193
     208
     199
     218
     218
     206
     193
     172
     200
     219
     224
     210
     173
     209
     198
     182
     202
     205
     203
     218
     225
     183
     196
     189
     208
     194
     214
     194
     189
     199
     204
     223
     182
     208
     204
     193
     185
     195
     207
     225
     218
     218
     198
     223
     210
     203
     185
     195
     195
     204
     204
     194
     181
     197
     196
     206
     221
     206
     208
     224
     200
     180
     188
     204
     188
     225
     217
     201
     188
     202
     214
     201
     241
     220
     204
     188
     197
     219
     211
     204
     196
     192
     206
     195
     212
     208
     220
     214
     199
     211
     216
     198
     216
     186
     224
     199
     214
     229
     232
     183
     200
     231
     204
     208
     215
     199
     202
     187
     194
     228
     206
     186
     172
     229
     213
     182
     194
     213
     192
     192
     207
     216
     201
     199
     220
     205
     192
     202
     211
     186
     204
     224
     184
     197
     190
     224
     181
     226
     212
     209
     212
     181
     194
     203
     195
     221
     214
     196
     212
     214
     215
     206
     207
     216
     213
     212
     198
     236
     183
     200
     189
     203
     223
     209
     226
     203
     202
     178
     219
     197
     197
     200
     200
     210
     209
     209
     185
     209
     223
     202
     226
     211
     201
     214
     205
     201
     217
     217
     174
     210
     208
     192
     206
     210
     211
     200
     227
     201
     189
     176
     188
     212
     234
     194
     204
     200
     203
     218
     215
     213
     213
     187
     221
     198
     205
     200
     213
     248
     233
     208
     190
     203
     199
     192
     229
     204
     224
     205
     194
     175
     203
     188
     183
     222
     231
     209
     201
     196
     197
     185
     224
     208
     197
     204
     240
     209
     217
     224
     199
     221
     193
     219
     201
     224
     187
     207
     208
     211
     220
     232
     221
     208
     195
     187
     218
     208
     199
     221
     213
     191
     204
     217
     201
     212
     189
     199
     191
     199
     247
     199
     223
     242
     196
     218
     223
     196
     218
     198
     215
     212
     207
     211
     217
     210
     202
     201
     215
     209
     202
     224
     201
     228
     210
     216
     243
     244
     230
     233
     198
     212
     237
     206
     205
     222
     190
     199
     220
     227
     197
     232
     222
     217
     212
     224
     244
     225
     204
     181
     229
     214
     214
     199
     220
     213
     225
     203
     226
     222
     189
     213
     226
     246
     229
     222
     208
     224
     233
     229
     240
     221
     219
     210
     236
     201
     228
     225
     225
     221
     221
     221
     215
     215
     195
     234
     224
     224
     224
     262
     237
     197
     223
     226
     221
     196
     230
     233
     231
     223
     235
     210
     234
     250
     207
     259
     207
     210
     231
     251
     212
     227
     243
     217
     254
     223
     205
     236
     204
     243
     230
     225
     240
     243
     237
     232
     218
     220
     206
     249
     236
     205
     231
     242
     208
     269
     221
     220
     226
     218
     240
     222
     225
     236
     219
     227
     239
     242
     250
     240
     244
     227
     250
     219
     241
     210
     228
     234
     249
     232
     221
     225
     251
     241
     245
     248
     246
     260
     234
     264
     249
     227
     244
     245
     234
     218
     218
     209
     237
     243
     273
     228
     201
     235
     258
     222
     242
     235
     250
     224
     229
     213
     250
     203
     218
     232
     237
     270
     240
     236
     240
     233
     265
     237
     228
     235
     207
     232
     280
     216
     262
     222
     253
     260
     262
     231
     245
     243
     267
     232
     250
     239
     230
     265
     229
     225
     231
     238
     254
     242
     217
     252
     244
     236
     236
     220
     214
     263
     223
     300
     259
     239
     239
     223
     258
     248
     212
     226
     227
     229
     202
     227
     236
     237
     230
     238
     231
     254
     260
     223
     257
     235
     268
     245
     245
     239
     253
     231
     232
     228
     231
     248
     230
     233
     204
     251
     230
     252
     242
     241
     241
     250
     224
     234
     241
     245
     272
     237
     258
     231
     242
     236
     244
     252
     239
     240
     272
     222
     251
     261
     229
     246
     246
     253
     222
     215
     222
     237
     250
     256
     249
     247
     226
     233
     216
     238
     238
     260
     238
     215
     221
     223
     244
     256
     258
     216
     245
     259
     239
     230
     222
     238
     230
     246
     220
     231
     235
     250
     241
     214
     241
     262
     249
     233
     210
     246
     209
     235
     228
     227
     251
     222
     226
     242
     202
     259
     230
     236
     210
     234
     212
     212
     243
     203
     231
     221
     225
     225
     229
     221
     217
     213
     230
     238
     238
     208
     225
     228
     224
     227
     236
     220
     200
     229
     222
     233
     231
     228
     207
     222
     253
     224
     220
     211
     227
     228
     216
     205
     202
     225
     212
     233
     211
     194
     226
     224
     207
     186
     211
     233
     184
     219
     215
     222
     237
     217
     212
     216
     213
     201
     221
     211
     207
     210
     189
     192
     204
     185
     183
     189
     218
     223
     203
     197
     184
     205
     220
     206
     212
     198
     187
     185
     194
     215
     186
     195
     170
     204
     217
     205
     208
     208
     193
     211
     190
     198
     186
     192
     223
     207
     175
     209
     209
     190
     188
     176
     194
     198
     194
     203
     197
     197
     181
     174
     213
     174
     194
     210
     184
     207
     205
     216
     195
     195
     194
     202
     166
     200
     198
     174
     195
     178
     190
     172
     184
     179
     198
     165
     206
     182
     172
     170
     179
     160
     189
     167
     179
     184
     180
     175
     186
     177
     157
     172
     163
     197
     184
     189
     173
     167
     190
     175
     186
     161
     170
     149
     190
     215
     161
     185
     168
     154
     154
     172
     178
     150
     175
     148
     172
     190
     188
     204
     175
     194
     176
     165
     154
     162
     150
     160
     171
     158
     168
     159
     192
     175
     171
     170
     165
     162
     156
     171
     160
     165
     178
     146
     198
     158
     157
     168
     179
     179
     154
     169
     179
     170
     177
     190
     162
     179
     168
     161
     164
     166
     141
     173
     144
     147
     168
     182
     160
     159
     160
     161
     145
     165
     154
     170
     196
     174
     165
     155
     179
     172
     177
     138
     169
     156
     154
     154
     181
     153
     178
     162
     164
     141
     149
     162
     161
     157
     146
     182
     160
     182
     158
     178
     150
     157
     162
     166
     154
     148
     142
     159
     152
     158
     152
     148
     150
     150
     181
     151
     177
     142
     183
     143
     163
     134
     146
     157
     177
     175
     157
     165
     164
     162
     159
     144
     178
     168
     155
     152
     186
     181
     184
     147
     157
     173
     164
     137
     158
     161
     178
     135
     180
     142
     161
     127
     155
     147
     146
     133
     158
     156
     160
     178
     176
     151
     128
     166
     144
     152
     154
     140
     163
     138
     158
     163
     160
     161
     175
     154
     141
     144
     136
     173
     148
     140
     147
     148
     134
     166
     169
     136
     161
     140
     142
     166
     147
     148
     165
     166
     157
     141
     143
     137
     152
     173
     156
     155
     138
     169
     141
     159
     163
     168
     136
     141
     145
     166
     171
     131
     149
     128
     161
     140
     151
     166
     166
     179
     143
     145
     132
     137
     144
     146
     159
     149
     145
     144
     154
     149
     157
     164
     178
     149
     151
     154
     163
     163
     160
     156
     141
     147
     155
     139
     153
     163
     169
     165
     165
     165
     146
     131
     149
     158
     171
     148
     162
     161
     144
     160
     163
     169
     168
     146
     155
     165
     159
     171
     168
     158
     151
     145
     169
     170
     166
     171
     150
     159
     171
     159
     172
     160
     148
     168
     174
     164
     172
     158
     189
     176
     184
     171
     191
     190
     165
     137
     213
     161
     167
     185
     179
     171
     188
     178
     173
     175
     195
     176
     198
     188
     182
     193
     167
     176
     222
     181
     190
     208
     186
     207
     198
     188
     188
     209
     199
     194
     184
     194
     188
     211
     197
     193
     221
     218
     233
     184
     207
     214
     197
     200
     229
     219
     231
     211
     210
     216
     237
     210
     223
     199
     208
     222
     205
     199
     238
     209
     221
     255
     243
     264
     227
     228
     223
     219
     240
     225
     265
     249
     219
     253
     243
     257
     262
     243
     271
     263
     284
     246
     270
     252
     271
     293
     236
     276
     273
     267
     258
     309
     287
     264
     296
     283
     288
     268
     268
     297
     269
     296
     302
     301
     303
     304
     284
     273
     285
     299
     306
     289
     334
     310
     339
     356
     349
     332
     300
     303
     308
     317
     342
     348
     340
     298
     307
     324
     323
     310
     333
     331
     368
     327
     373
     350
     333
     330
     365
     361
     367
     336
     371
     345
     365
     342
     342
     349
     344
     348
     316
     364
     371
     372
     379
     400
     361
     355
     366
     347
     376
     389
     387
     390
     354
     364
     381
     360
     389
     376
     392
     395
     360
     365
     380
     406
     393
     399
     389
     429
     398
     417
     385
     416
     374
     374
     376
     353
     386
     385
     381
     401
     395
     397
     387
     378
     359
     359
     417
     387
     385
     393
     433
     357
     404
     379
     391
     416
     405
     375
     376
     408
     392
     378
     385
     405
     381
     345
     387
     355
     362
     362
     382
     363
     329
     372
     365
     373
     343
     378
     361
     358
     368
     341
     351
     346
     369
     353
     364
     358
     358
     365
     335
     384
     359
     328
     359
     364
     324
     333
     362
     318
     328
     332
     323
     281
     356
     294
     325
     308
     341
     336
     348
     318
     302
     328
     353
     308
     310
     326
     280
     289
     293
     309
     293
     300
     286
     259
     255
     287
     282
     282
     245
     277
     264
     231
     254
     276
     264
     241
     225
     262
     254
     243
     248
     249
     235
     217
     251
     256
     269
     232
     231
     255
     241
     228
     257
     243
     230
     225
     234
     236
     206
     238
     222
     191
     220
     217
     222
     228
     222
     208
     197
     233
     199
     209
     190
     189
     183
     224
     192
     219
     201
     196
     176
     186
     200
     190
     183
     210
     206
     198
     189
     164
     179
     198
     155
     178
     172
     199
     158
     170
     198
     153
     169
     135
     175
     164
     176
     177
     164
     204
     163
     165
     165
     161
     163
     180
     146
     169
     201
     141
     167
     155
     149
     167
     176
     177
     159
     160
     138
     168
     162
     162
     153
     139
     164
     193
     166
     189
     144
     175
     163
     157
     151
     151
     169
     151
     161
     165
     162
     163
     146
     159
     157
     161
     160
     173
     182
     151
     172
     171
     157
     141
     178
     154
     141
     163
     145
     176
     161
     164
     157
     169
     184
     165
     157
     171
     182
     164
     174
     146
     157
     170
     180
     188
     162
     147
     170
     152
     176
     190
     183
     163
     193
     195
     192
     202
     164
     186
     177
     204
     195
     170
     187
     202
     179
     198
     205
     180
     171
     190
     202
     214
     214
     187
     214
     199
     216
     222
     207
     200
     209
     203
     219
     219
     202
     207
     202
     208
     215
     201
     228
     228
     225
     208
     182
     227
     230
     203
     225
     248
     232
     216
     222
     209
     211
     223
     223
     260
     253
     223
     256
     205
     219
     260
     244
     238
     268
     263
     266
     225
     248
     292
     280
     244
     278
     238
     238
     259
     245
     259
     238
     260
     237
     246
     266
     254
     269
     258
     251
     267
     243
     238
     275
     272
     277
     261
     286
     280
     289
     275
     284
     275
     265
     269
     293
     299
     284
     269
     279
     303
     314
     287
     285
     284
     253
     298
     297
     287
     281
     280
     292
     292
     311
     325
     267
     282
     273
     290
     285
     295
     277
     271
     285
     285
     263
     273
     309
     291
     289
     288
     284
     285
     280
     287
     280
     262
     294
     284
     316
     315
     279
     274
     273
     297
     262
     307
     306
     282
     291
     278
     246
     291
     291
     286
     295
     307
     272
     281
     273
     246
     283
     257
     280
     272
     258
     240
     289
     285
     255
     278
     249
     242
     252
     266
     240
     285
     253
     233
     237
     259
     254
     258
     248
     229
     264
     231
     222
     235
     259
     235
     246
     240
     234
     274
     242
     217
     250
     233
     231
     230
     208
     223
     224
     229
     220
     239
     192
     194
     213
     217
     196
     200
     216
     230
     202
     210
     189
     203
     181
     176
     175
     189
     175
     223
     186
     184
     192
     196
     171
     173
     176
     162
     170
     203
     197
     169
     178
     159
     177
     175
     159
     162
     158
     151
     167
     127
     150
     135
     157
     148
     145
     134
     157
     131
     166
     162
     130
     135
     130
     140
     120
     128
     119
     147
     131
     142
     112
     117
     127
     112
     123
     116
     117
     130
     113
     113
     121
     128
      90
     130
     119
      90
     107
      90
     107
     115
     111
     116
     115
     113
     113
      92
     100
      96
      88
      84
      75
     112
      81
      96
      86
     111
      63
      72
      97
      95
      74
      79
      91
      58
      66
      83
      74
      70
      94
      64
      73
      75
      73
      84
      70
      69
      79
      66
      75
      60
      69
      56
      72
      70
      72
      69
      59
      71
      62
      61
      61
      58
      60
      51
      61
      53
      62
      62
      56
      60
      56
      64
      60
      42
      60
      52
      60
      54
      39
      53
      50
      61
      47
      43
      52
      67
      47
      56
      60
      50
      45
      52
      53
      42
      46
      54
      49
      41
      48
      36
      44
      41
      36
      29
      53
      42
      31
      34
      57
      38
      41
      33
      39
      45
      41
      48
      44
      34
      50
      43
      25
      37
      27
      37
      42
      26
      43
      41
      37
      30
      33
      29
      30
      28
      30
      29
      48
      39
      23
      35
      29
      33
      32
      29
      33
      37
      23
      33
      30
      31
      36
      33
      36
      24
      33
      33
      27
      34
      24
      19
      34
      25
      34
      30
      25
      28
      41
      26
      40
      29
      33
      32
      29
      26
      27
      17
      24
      26
      20
      35
      26
      25
      27
      25
      23
      28
      22
      25
      25
      26
      27
      28
      20
      23
      32
      27
      28
      24
      27
      24
      30
      28
      22
      24
      17
      23
      23
      14
      23
      29
      30
      23
      26
      20
      23
      19
      26
      18
      16
      20
      27
      21
      24
      23
      17
      15
      29
      22
      20
      19
      23
      22
      18
      24
      28
      20
      35
      28
      14
      20
      23
      14
      23
      14
      18
      14
      21
      28
      25
      20
      23
      21
      20
      26
      20
      18
      15
      27
      18
      20
      23
      19
      13
      25
      14
      22
      10
      20
      19
      23
      15
      22
      16
      24
      24
      12
      16
      20
      11
      22
      15
      17
      19
      23
      14
      16
      14
      29
      20
      15
      17
      22
      16
      18
      26
      27
      23
      21
      18
      16
      15
      27
      23
      24
      15
      18
      20
      12
      14
      20
      20
      11
      13
      14
      18
      17
      15
      14
      16
      20
      22
      16
      21
      22
      13
      21
      21
      19
      14
      22
      15
      14
      11
      14
      15
      29
      12
      16
      15
      22
       9
      10
      11
      12
      21
      10
      18
      18
      15
      13
      13
      19
      11
      13
      12
      17
      18
      18
      12
      12
      19
      19
      19
      16
      15
      15
      16
      17
      21
       8
      16
      11
      15
      15
       4
      16
      14
      21
      15
      13
      14
      14
      16
      19
      24
      18
      20
      18
      13
      20
      14
      16
      20
      14
      14
      15
      13
      11
      12
      11
      10
       8
      18
      25
      15
      12
      17
      12
      14
      20
      16
       9
      13
      16
      18
      16
      12
       9
      14
       8
      22
      17
      16
      10
      17
      12
      19
      18
      12
      15
      14
      11
      16
       9
      15
      17
      19
      14
      19
      13
      10
      12
      12
      11
      16
      15
      14
      20
      15
      13
      18
      16
      11
      16
      18
      17
      17
      21
      19
      17
      20
       8
      14
      12
       6
      16
      19
      20
      16
      17
       8
      13
      10
      18
      17
      13
      15
      15
      22
      15
      17
      15
      14
       9
      13
       4
      13
       9
      20
      15
       8
      10
      15
       7
      16
      11
      16
      12
      22
       9
       8
      13
      10
      13
      10
      16
       9
      13
       5
      10
      14
      21
      13
       8
       8
      16
      20
      13
      12
      16
      14
       9
       7
       9
      22
      19
      13
      14
      12
      13
      13
      14
      14
      13
      20
      16
      10
      16
      16
      22
      19
       8
      13
      13
      22
      15
      11
      17
       9
      17
       7
      18
      12
      10
      10
      11
      13
      14
      20
      11
       9
      13
      15
      13
      10
      12
      13
      20
      14
       9
       5
      16
      15
      10
      14
      13
      15
      17
      12
      16
      11
       8
       0
       0
       0
       0
       0
       0
       0
       0
       0
       0
       0
       0
       0
       0
       0
       0
       0
       0
       0
       0
       0
       0
       0
       0
       0
       0
       0
       0
       0
       0
       0
       0
       0
       0
       0
       0
       0
       0
       0
       0
       0
       0
       0
       0
       0
       0
       0
       0
       0
       0
       0
       0
       0
       0
       0
       0
       0
       0
       0
       0
       0
       0
       0
       0
$ROI:
0
$PRESETS:
None
0
0
$ENER_FIT:
-17.891762 0.407467
$MCA_CAL:
3
-1.789176E+001 4.074667E-001 0.000000E+000 keV
$SHAPE_CAL:
3
0.000000E+000 0.000000E+000 0.000000E+000
