$SPEC_ID:
No sample description was entered.
$SPEC_REM:
DET# 3
DETDESC# PHY-0040-AA Easy-MCA-8k SN 23293928
AP# Maestro Version 7.01
$DATE_MEA:
09/17/2026 10:20:35
$MEAS_TIM:
180 232
$DATA:
0 4095
       0
       0
       0
       0
       0
       0
       0
       0
       0
       0
       0
       0
       0
       0
       0
       0
       0
       0
       0
       0
       0
       0
       0
       0
       4
      91
      28
     468
    1515
    1527
    1611
    1639
    1693
    1680
    1648
    1616
    1672
    1719
    1718
    1758
    1686
    1726
    1800
    1768
    1776
    1895
    1928
    1964
    2059
    1948
    2014
    2035
    2203
    2213
    2329
    2490
    2414
    2531
    2559
    2751
    2873
    3088
    3288
    3514
    3657
    3823
    4111
    4396
    4642
    5054
    5278
    5652
    6026
    6295
    6890
    7210
    7431
    7794
    8253
    8370
    8661
    8759
    8955
    8548
    8705
    8776
    8726
    8466
    8338
    7956
    7562
    7232
    6838
    6450
    6067
    5741
    5509
    5193
    4790
    4595
    4352
    4013
    3783
    3371
    3248
    3174
    2947
    2876
    2740
    2649
    2416
    2410
    2321
    2242
    2192
    2091
    2064
    2006
    1936
    1924
    1943
    1881
    1887
    1928
    1847
    1891
    1878
    1913
    1743
    1852
    1823
    1812
    1841
    1678
    1864
    1860
    1821
    1864
    1817
    1841
    1872
    1775
    1863
    1790
    1799
    1921
    1881
    1803
    1858
    1846
    1826
    1850
    1808
    1902
    1803
    1850
    1823
    1801
    1915
    1821
    1797
    1879
    1877
    1920
    1919
    1871
    1867
    1852
    1898
    1820
    1862
    1856
    1913
    1809
    1725
    1862
    1836
    1798
    1806
    1797
    1730
    1801
    1841
    1819
    1803
    1856
    1823
    1748
    1846
    1881
    1861
    1865
    1849
    1820
    1790
    1818
    1840
    1811
    1827
    1797
    1912
    1788
    1876
    1842
    1871
    1884
    1897
    1780
    1854
    1866
    1805
    1763
    1771
    1840
    1836
    1835
    1835
    1847
    1769
    1782
    1782
    1813
    1931
    1868
    1919
    1795
    1832
    1806
    1844
    1870
    1826
    1780
    1790
    1754
    1812
    1791
    1743
    1819
    1790
    1893
    1783
    1821
    1800
    1854
    1793
    1830
    1757
    1827
    1851
    1794
    1883
    1798
    1823
    1810
    1784
    1832
    1799
    1833
    1790
    1776
    1755
    1776
    1765
    1817
    1823
    1758
    1754
    1819
    1800
    1747
    1839
    1783
    1796
    1843
    1791
    1815
    1820
    1773
    1820
    1745
    1827
    1814
    1792
    1778
    1831
    1740
    1796
    1762
    1866
    1832
    1818
    1787
    1830
    1921
    1835
    1836
    1823
    1831
    1832
    1827
    1828
    1839
    1760
    1825
    1822
    1784
    1891
    1790
    1802
    1858
    1812
    1868
    1820
    1774
    1877
    1882
    1850
    1767
    1820
    1809
    1825
    1759
    1815
    1875
    1815
    1841
    1812
    1827
    1848
    1741
    1890
    1804
    1893
    1845
    1795
    1748
    1832
    1817
    1881
    1819
    1842
    1734
    1807
    1907
    1822
    1829
    1792
    1899
    1797
    1787
    1823
    1827
    1794
    1883
    1726
    1766
    1810
    1812
    1797
    1764
    1792
    1867
    1855
    1897
    1801
    1812
    1759
    1787
    1852
    1806
    1892
    1760
    1850
    1922
    1797
    1868
    1716
    1810
    1887
    1771
    1852
    1805
    1836
    1857
    1849
    1829
    1825
    1844
    1833
    1728
    1841
    1747
    1856
    1855
    1754
    1795
    1839
    1828
    1825
    1816
    1864
    1789
    1778
    1866
    1809
    1848
    1892
    1880
    1846
    1757
    1849
    1897
    1832
    1818
    1867
    1770
    1844
    1846
    1820
    1760
    1847
    1806
    1867
    1846
    1855
    1787
    1979
    1917
    1856
    1865
    1844
    1892
    1880
    1843
    1853
    1889
    1862
    1846
    1902
    1868
    1965
    1950
    1975
    2007
    1924
    1978
    1995
    2005
    2038
    1940
    1996
    1967
    2068
    2066
    2065
    2074
    2094
    2095
    2086
    2067
    2035
    2010
    2078
    2167
    2159
    2160
    2129
    2181
    2169
    2305
    2280
    2218
    2135
    2236
    2216
    2257
    2294
    2243
    2276
    2249
    2341
    2298
    2511
    2419
    2452
    2388
    2417
    2308
    2491
    2397
    2345
    2425
    2449
    2386
    2468
    2523
    2488
    2452
    2434
    2456
    2455
    2374
    2511
    2512
    2475
    2581
    2498
    2490
    2521
    2526
    2488
    2514
    2580
    2480
    2506
    2483
    2462
    2523
    2505
    2501
    2482
    2410
    2539
    2407
    2440
    2415
    2494
    2488
    2484
    2428
    2568
    2447
    2408
    2460
    2446
    2439
    2372
    2411
    2382
    2411
    2453
    2328
    2379
    2402
    2379
    2442
    2360
    2381
    2447
    2366
    2408
    2390
    2429
    2421
    2414
    2357
    2410
    2355
    2429
    2358
    2326
    2365
    2364
    2324
    2260
    2252
    2343
    2325
    2326
    2313
    2341
    2232
    2301
    2213
    2200
    2247
    2285
    2304
    2293
    2176
    2298
    2170
    2241
    2284
    2239
    2241
    2170
    2194
    2299
    2212
    2281
    2215
    2147
    2143
    2191
    2186
    2123
    2132
    2110
    2265
    2161
    2201
    2141
    2133
    2087
    2154
    2085
    2185
    2245
    2214
    2122
    2068
    2120
    2128
    2137
    2094
    2055
    2108
    2076
    2124
    2127
    2156
    2106
    2028
    2144
    2059
    2090
    2033
    2070
    2084
    2118
    2062
    2052
    2045
    2035
    1970
    2174
    1997
    2078
    2049
    2072
    1951
    2045
    2047
    2030
    2102
    2051
    2119
    1973
    2017
    2074
    2070
    2067
    2039
    2049
    2074
    1978
    2084
    2040
    2002
    2021
    1924
    2038
    2036
    2001
    2004
    1974
    2101
    1945
    2048
    2041
    1986
    1937
    1923
    1964
    1940
    1991
    2003
    1967
    1963
    2014
    1953
    1963
    1958
    1919
    1949
    2008
    1920
    1945
    1904
    2015
    1961
    1948
    1885
    1866
    1961
    1920
    1902
    1845
    1970
    1840
    2011
    1966
    1894
    1844
    1940
    1928
    2002
    1943
    1949
    1892
    1987
    1882
    1886
    1845
    1885
    1917
    1887
    1940
    1937
    1921
    1791
    1846
    1812
    1883
    2008
    1874
    1904
    1887
    1879
    1904
    1857
    1859
    1833
    1890
    1893
    1954
    1964
    1907
    1844
    1870
    1877
    1855
    1819
    1805
    1875
    1884
    1833
    1907
    1946
    1915
    1925
    1794
    1780
    1853
    1890
    1891
    1914
    1855
    1817
    1834
    1844
    1905
    1828
    1889
    1876
    1838
    1843
    1845
    1856
    1840
    1828
    1766
    1844
    1745
    1800
    1862
    1778
    1905
    1861
    1866
    1855
    1845
    1864
    1803
    1900
    1907
    1850
    1822
    1856
    1820
    1846
    1842
    1788
    1737
    1859
    1855
    1765
    1745
    1790
    1827
    1783
    1747
    1878
    1845
    1793
    1765
    1876
    1810
    1781
    1841
    1881
    1852
    1801
    1817
    1774
    1888
    1751
    1874
    1773
    1822
    1819
    1812
    1864
    1804
    1818
    1808
    1787
    1772
    1864
    1768
    1868
    1854
    1846
    1827
    1764
    1839
    1773
    1807
    1806
    1913
    1787
    1745
    1762
    1762
    1779
    1770
    1816
    1784
    1857
    1859
    1785
    1682
    1855
    1766
    1796
    1728
    1785
    1759
    1846
    1828
    1789
    1792
    1819
    1849
    1787
    1730
    1790
    1804
    1762
    1821
    1767
    1803
    1823
    1794
    1794
    1800
    1789
    1745
    1822
    1810
    1766
    1738
    1794
    1818
    1819
    1691
    1833
    1785
    1739
    1851
    1766
    1754
    1825
    1725
    1816
    1786
    1841
    1815
    1811
    1811
    1833
    1755
    1806
    1837
    1743
    1847
    1813
    1825
    1896
    1752
    1825
    1717
    1840
    1754
    1780
    1811
    1770
    1789
    1827
    1769
    1840
    1874
    1835
    1860
    1834
    1808
    1845
    1820
    1813
    1899
    1832
    1821
    1836
    1821
    1884
    1851
    1851
    1863
    1894
    1810
    1775
    1778
    1826
    1714
    1917
    1892
    1846
    1802
    1810
    1777
    1825
    1843
    1829
    1714
    1842
    1844
    1871
    1814
    1768
    1844
    1859
    1981
    1863
    1832
    1858
    1900
    1823
    1926
    1850
    1785
    1761
    1892
    1860
    1848
    1827
    1798
    1825
    1804
    1885
    1831
    1887
    1949
    1838
    1882
    1893
    1875
    1881
    1840
    1874
    1853
    1966
    1792
    1890
    1857
    1919
    1850
    1790
    1939
    1818
    1790
    1854
    1938
    1861
    1869
    1832
    1926
    1876
    1873
    1846
    1926
    1930
    1962
    1853
    1935
    1854
    1868
    1939
    1914
    1851
    1964
    1918
    1911
    1900
    1890
    1856
    1917
    1920
    1874
    1851
    1863
    1887
    1915
    1909
    1889
    1945
    1920
    1883
    1867
    1816
    1912
    1901
    1838
    1917
    1944
    1837
    1870
    1912
    1933
    1983
    1896
    1893
    1928
    1988
    1912
    1950
    1898
    1896
    1861
    1946
    1934
    1889
    1905
    1860
    1872
    1840
    1885
    1952
    1893
    1912
    1876
    1921
    1895
    1884
    1923
    1858
    1911
    1916
    1937
    1857
    1851
    1868
    1860
    1869
    1906
    1875
    1883
    1923
    1960
    1907
    1818
    1866
    1851
    1836
    1839
    1854
    1838
    1922
    1898
    1825
    1867
    1824
    1846
    1843
    1850
    1822
    1851
    1773
    1914
    1772
    1826
    1695
    1720
    1844
    1715
    1736
    1712
    1721
    1720
    1689
    1733
    1651
    1743
    1725
    1734
    1736
    1646
    1723
    1717
    1639
    1652
    1596
    1612
    1603
    1672
    1592
    1589
    1597
    1520
    1553
    1600
    1553
    1462
    1496
    1475
    1476
    1467
    1518
    1499
    1473
    1464
    1470
    1452
    1406
    1464
    1336
    1404
    1313
    1318
    1314
    1323
    1337
    1336
    1268
    1225
    1267
    1328
    1248
    1206
    1185
    1164
    1156
    1158
    1137
    1137
    1140
    1107
    1146
    1070
    1058
    1065
    1132
    1088
    1051
    1072
    1022
    1062
    1091
    1046
    1001
     970
     966
     997
     892
     959
     929
     926
     874
     872
     932
     885
     901
     901
     836
     843
     846
     870
     805
     767
     805
     800
     729
     760
     801
     803
     768
     760
     697
     711
     786
     707
     756
     668
     684
     725
     693
     657
     680
     644
     701
     659
     644
     632
     616
     642
     633
     668
     598
     633
     591
     629
     580
     539
     607
     543
     580
     561
     573
     563
     557
     571
     570
     612
     526
     537
     539
     549
     539
     523
     550
     496
     563
     501
     466
     504
     490
     481
     497
     487
     475
     495
     456
     487
     500
     451
     447
     423
     495
     416
     450
     460
     434
     426
     440
     421
     405
     423
     409
     402
     456
     428
     422
     386
     416
     413
     455
     389
     398
     403
     409
     389
     385
     390
     395
     412
     382
     365
     376
     371
     386
     398
     356
     378
     356
     364
     345
     346
     347
     345
     373
     391
     344
     395
     363
     317
     338
     344
     328
     331
     327
     364
     297
     330
     362
     338
     338
     353
     358
     316
     331
     324
     320
     353
     327
     360
     303
     320
     301
     317
     320
     286
     299
     362
     332
     350
     320
     339
     270
     287
     314
     290
     306
     320
     327
     308
     353
     316
     289
     323
     288
     297
     341
     322
     342
     347
     331
     325
     363
     306
     313
     331
     310
     312
     333
     308
     339
     288
     313
     289
     325
     363
     332
     306
     313
     332
     317
     337
     309
     346
     334
     332
     317
     317
     343
     330
     312
     325
     327
     330
     351
     301
     327
     317
     359
     336
     320
     329
     331
     337
     364
     343
     350
     330
     341
     360
     342
     346
     350
     362
     353
     343
     358
     362
     351
     396
     356
     402
     392
     385
     359
     416
     401
     402
     419
     448
     426
     389
     392
     406
     410
     468
     425
     403
     470
     480
     435
     464
     451
     451
     468
     477
     486
     478
     551
     545
     495
     507
     528
     520
     459
     520
     572
     539
     575
     538
     573
     583
     574
     588
     566
     597
     629
     666
     679
     683
     669
     693
     742
     775
     698
     726
     759
     754
     741
     761
     794
     818
     825
     847
     896
     893
     914
     904
     969
     956
     990
    1010
    1098
    1018
    1076
    1107
    1042
    1172
    1172
    1205
    1247
    1191
    1182
    1222
    1252
    1395
    1374
    1498
    1448
    1497
    1447
    1583
    1488
    1590
    1644
    1655
    1662
    1757
    1706
    1797
    1918
    1884
    1952
    2026
    2107
    2043
    2181
    2198
    2193
    2193
    2456
    2406
    2435
    2555
    2573
    2544
    2740
    2671
    2796
    2731
    2972
    2945
    3078
    3052
    3212
    3259
    3410
    3325
    3413
    3488
    3536
    3536
    3629
    3738
    3842
    4009
    3981
    4050
    4099
    4210
    4228
    4408
    4420
    4476
    4597
    4607
    4743
    4749
    4932
    5172
    5139
    4989
    5066
    5311
    5444
    5594
    5562
    5680
    5751
    5812
    5842
    6017
    6051
    6130
    6259
    6337
    6263
    6613
    6618
    6695
    6625
    6851
    6975
    7008
    7189
    7145
    7240
    7353
    7610
    7523
    7657
    7586
    7794
    7742
    7859
    7990
    8057
    8006
    8123
    8246
    8313
    8297
    8388
    8578
    8720
    8677
    8513
    8598
    8740
    8829
    8972
    8878
    8807
    9249
    9177
    9206
    9143
    9251
    9243
    9430
    9342
    9332
    9352
    9558
    9440
    9435
    9572
    9563
    9481
    9428
    9370
    9630
    9480
    9701
    9322
    9490
    9642
    9665
    9395
    9359
    9418
    9640
    9495
    9511
    9386
    9381
    9411
    9336
    9267
    9281
    9110
    9241
    9112
    9174
    9061
    8780
    8893
    8798
    8816
    8774
    8673
    8751
    8783
    8516
    8462
    8403
    8186
    8264
    8213
    8111
    8011
    8081
    8006
    7843
    7725
    7737
    7722
    7577
    7426
    7364
    7117
    7138
    7035
    7014
    6863
    6977
    6679
    6571
    6459
    6728
    6293
    6307
    6210
    6068
    6067
    5815
    5931
    5659
    5630
    5630
    5465
    5205
    5085
    5236
    5012
    4860
    4930
    4909
    4784
    4749
    4580
    4444
    4491
    4431
    4230
    4166
    4105
    4058
    3967
    3893
    3787
    3707
    3573
    3593
    3431
    3410
    3364
    3253
    3216
    3152
    2936
    2998
    2928
    2873
    2858
    2829
    2682
    2643
    2496
    2456
    2489
    2424
    2269
    2216
    2209
    2167
    2137
    2065
    1975
    1940
    1934
    1890
    1794
    1778
    1689
    1751
    1665
    1600
    1599
    1479
    1460
    1386
    1432
    1386
    1314
    1292
    1290
    1263
    1213
    1147
    1149
    1143
    1039
    1079
     997
    1005
     978
     907
     937
     927
     829
     875
     870
     882
     756
     760
     706
     719
     733
     731
     711
     644
     643
     648
     650
     569
     596
     565
     537
     534
     523
     503
     490
     495
     480
     441
     485
     466
     439
     432
     423
     402
     424
     399
     413
     375
     399
     378
     328
     347
     353
     283
     315
     312
     335
     306
     322
     277
     266
     272
     305
     282
     268
     299
     255
     274
     227
     231
     253
     229
     211
     228
     213
     227
     260
     218
     197
     204
     223
     213
     193
     214
     205
     207
     180
     193
     188
     177
     184
     194
     171
     175
     173
     172
     188
     195
     163
     172
     167
     158
     165
     150
     161
     146
     168
     177
     144
     155
     179
     150
     169
     153
     155
     168
     134
     162
     147
     173
     139
     145
     125
     130
     137
     136
     159
     146
     159
     154
     142
     141
     119
     127
     159
     126
     128
     146
     135
     145
     134
     144
     133
     138
     137
     142
     120
     132
     152
     128
     145
     123
     145
     124
     133
     144
     144
     111
     118
     137
     151
     123
     117
     152
     133
     116
     136
     127
     128
     108
     128
     131
     112
     136
     114
     134
     119
     132
     122
     128
     135
     121
     136
     133
     115
     108
     136
     126
     114
     119
     128
     117
     123
      96
     146
     128
     111
     112
     113
     134
     114
     127
     129
     116
     128
     114
     119
     110
     112
     122
     116
     134
     143
     122
     118
     113
     134
     131
     124
     119
      95
     102
     130
     116
     109
     112
     130
     125
     126
     136
     123
     130
     108
     133
     120
      99
     142
     122
      98
     126
     135
     117
     109
     113
     140
     111
     102
     123
     121
     112
     114
      91
     129
     119
     118
     130
     102
     118
     134
     113
     107
     117
      95
     101
     127
     132
     115
     117
     111
     107
     112
      93
     112
     108
     123
     104
     117
     120
     122
     128
     106
     119
     124
     111
     129
     108
     112
     131
     119
     101
     123
     122
     117
     126
     131
     107
     122
     117
     111
     114
     101
     126
     143
      99
     117
     122
     111
     125
     136
     114
     129
     130
     109
     111
     129
     128
     116
     116
     108
     111
     127
     109
     116
     111
      91
     125
     110
     115
     114
     129
     113
     124
      99
     124
     107
     112
     121
     104
     114
     121
     110
     120
     100
     103
     106
     119
     110
     108
     107
     120
     119
     115
     111
     102
     134
     104
     107
      96
     122
     112
      82
     114
     109
      98
     118
     127
     100
     122
     129
      99
     100
     111
     127
     111
     111
     114
      87
     115
     114
     109
     101
      96
     116
     125
     100
     111
     119
     105
      96
     127
     120
     111
      97
     115
     105
      90
      93
     105
     111
     110
     114
     112
      85
     123
      95
      92
     101
      89
     105
     108
     108
      99
     102
     105
     110
      93
      91
     105
     118
      97
      92
     106
     122
     106
     113
      91
     118
      99
     102
      98
     109
     104
     111
      97
     112
     114
      98
     107
      97
      94
      98
      96
     108
     104
      85
      95
      91
     107
     118
      90
      92
      93
      92
     108
      75
      99
     109
      94
     103
     107
      80
     100
      99
      96
      83
      91
      83
     102
      89
     100
      79
      86
      85
     109
     102
      93
      95
      75
      82
      85
      84
      82
      96
      94
      83
      95
      77
     104
      83
      83
     102
      80
     108
      84
      95
     111
      87
      78
      84
      91
     105
      91
      71
     102
      80
     102
      71
      77
      87
      86
      98
      92
     100
      88
      73
      82
      79
      93
      90
      95
      70
      71
      90
      78
      87
      83
      71
      73
      80
      84
      79
      64
      93
      84
      87
      88
      84
      75
      79
      79
      80
      76
      93
      82
      80
      80
      78
      83
      89
      83
      85
      78
      75
      90
      82
      89
      82
      67
      84
     100
      79
      78
      78
      76
      73
      81
      81
      78
      82
      69
      75
      83
      74
      78
      72
      72
      67
      78
      55
      74
      79
      61
      72
      87
      93
      74
      80
      78
      72
      82
      86
      72
      56
      69
      73
      82
      76
      62
      73
      76
      69
      68
      65
      86
      65
      75
      71
      73
      77
      71
      75
      74
     100
      80
      66
      77
      80
      70
      70
      74
      78
      77
      75
      70
      71
      89
      70
      67
      62
      77
      68
      78
      69
      68
      65
      72
      66
      66
      75
      95
      65
      68
      63
      62
      80
      70
      74
      68
      80
      75
      72
      71
      75
      66
      62
      57
      56
      59
      62
      60
      71
      77
      76
      65
      77
      66
      69
      69
      64
      63
      77
      76
      73
      68
      77
      73
      56
      55
      67
      75
      73
      54
      69
      64
      66
      71
      76
      73
      65
      74
      84
      64
      61
      65
      45
      77
      56
      64
      65
      80
      77
      54
      75
      71
      66
      72
      60
      60
      66
      57
      67
      64
      54
      72
      59
      62
      82
      64
      57
      69
      67
      70
      61
      59
      48
      58
      57
      66
      53
      62
      57
      80
      66
      58
      71
      66
      62
      73
      80
      61
      56
      74
      74
      61
      60
      70
      66
      64
      79
      70
      56
      71
      52
      68
      62
      67
      50
      68
      66
      80
      49
      48
      52
      56
      64
      58
      64
      67
      55
      48
      71
      60
      67
      58
      62
      55
      62
      55
      60
      55
      61
      56
      45
      65
      54
      50
      57
      64
      67
      46
      57
      58
      56
      65
      55
      54
      40
      57
      60
      53
      60
      63
      47
      48
      58
      53
      59
      69
      55
      54
      50
      55
      49
      54
      58
      55
      49
      49
      49
      49
      62
      60
      44
      59
      54
      57
      53
      54
      45
      57
      55
      54
      58
      54
      46
      63
      48
      54
      54
      65
      51
      44
      50
      58
      59
      37
      40
      62
      72
      41
      57
      44
      59
      61
      57
      39
      53
      55
      48
      54
      60
      55
      45
      42
      63
      63
      51
      59
      53
      48
      71
      47
      43
      67
      52
      51
      49
      61
      62
      51
      49
      48
      62
      47
      50
      48
      54
      49
      51
      57
      47
      60
      54
      54
      55
      57
      59
      49
      47
      46
      42
      52
      61
      39
      32
      52
      54
      53
      53
      39
      45
      37
      53
      31
      56
      42
      56
      51
      42
      41
      44
      45
      54
      35
      48
      49
      51
      50
      56
      40
      42
      41
      49
      56
      43
      32
      45
      45
      39
      42
      40
      45
      50
      35
      44
      48
      50
      48
      49
      45
      46
      43
      53
      38
      34
      33
      47
      52
      41
      37
      56
      46
      52
      53
      47
      45
      47
      45
      42
      41
      41
      42
      44
      38
      47
      42
      43
      44
      41
      39
      44
      41
      55
      26
      31
      36
      33
      38
      41
      52
      45
      34
      44
      46
      44
      34
      43
      40
      40
      28
      31
      34
      36
      50
      43
      45
      46
      32
      33
      47
      30
      42
      40
      40
      31
      36
      39
      40
      32
      32
      37
      34
      43
      34
      34
      34
      38
      37
      35
      34
      32
      40
      39
      36
      30
      27
      41
      40
      40
      35
      33
      29
      36
      46
      34
      33
      26
      39
      34
      36
      40
      42
      26
      39
      35
      29
      26
      32
      39
      32
      34
      49
      33
      38
      28
      38
      39
      45
      36
      31
      32
      29
      36
      28
      27
      43
      33
      42
      33
      27
      28
      30
      34
      35
      28
      35
      36
      45
      23
      38
      31
      41
      28
      29
      30
      31
      31
      39
      34
      38
      27
      28
      30
      29
      27
      47
      30
      31
      38
      39
      25
      24
      26
      38
      36
      51
      32
      35
      32
      27
      35
      31
      35
      29
      33
      28
      28
      32
      34
      28
      38
      36
      23
      24
      32
      38
      30
      30
      23
      32
      26
      25
      26
      45
      36
      37
      37
      29
      28
      22
      28
      31
      24
      20
      33
      37
      28
      24
      35
      35
      20
      49
      33
      22
      30
      34
      26
      30
      25
      25
      37
      33
      28
      29
      25
      18
      29
      26
      26
      39
      28
      36
      28
      28
      19
      33
      33
      38
      20
      35
      24
      32
      32
      35
      37
      26
      25
      27
      23
      32
      27
      24
      34
      32
      38
      26
      26
      22
      36
      36
      27
      28
      35
      37
      34
      30
      38
      30
      38
      32
      25
      32
      20
      32
      34
      28
      20
      23
      29
      33
      41
      31
      25
      27
      18
      34
      33
      26
      24
      31
      35
      40
      32
      31
      35
      36
      39
      22
      30
      32
      33
      23
      39
      24
      39
      28
      31
      35
      32
      34
      23
      30
      33
      36
      26
      33
      25
      29
      36
      27
      25
      35
      38
      31
      36
      41
      33
      38
      30
      26
      45
      32
      31
      30
      36
      26
      26
      32
      42
      34
      40
      37
      33
      38
      33
      30
      25
      37
      28
      34
      35
      31
      40
      34
      34
      33
      33
      38
      33
      33
      33
      38
      28
      39
      35
      37
      43
      25
      23
      33
      33
      40
      32
      38
      44
      43
      28
      27
      34
      37
      37
      35
      47
      38
      40
      42
      36
      35
      31
      30
      39
      38
      31
      31
      46
      36
      40
      36
      43
      27
      40
      25
      39
      37
      40
      39
      30
      20
      42
      40
      39
      28
      33
      39
      43
      41
      38
      41
      34
      39
      30
      33
      38
      35
      41
      45
      41
      41
      41
      38
      38
      39
      40
      49
      34
      45
      45
      41
      45
      45
      32
      50
      43
      31
      43
      44
      38
      30
      41
      43
      45
      53
      49
      40
      43
      44
      41
      43
      40
      38
      26
      43
      37
      34
      42
      58
      36
      38
      42
      51
      33
      49
      44
      48
      48
      39
      40
      43
      36
      43
      46
      44
      41
      35
      49
      43
      45
      52
      36
      46
      46
      50
      41
      48
      35
      38
      38
      48
      54
      47
      46
      57
      47
      40
      44
      33
      45
      41
      42
      43
      43
      43
      40
      46
      43
      37
      55
      48
      42
      47
      43
      32
      42
      46
      30
      37
      40
      52
      46
      48
      45
      39
      40
      27
      45
      47
      34
      41
      40
      45
      39
      31
      45
      36
      48
      30
      38
      42
      29
      33
      34
      41
      42
      35
      44
      28
      34
      33
      44
      43
      34
      34
      47
      43
      53
      26
      51
      37
      42
      39
      33
      48
      38
      31
      32
      34
      42
      40
      32
      46
      50
      32
      26
      20
      26
      23
      40
      34
      48
      41
      35
      35
      20
      30
      30
      31
      34
      25
      29
      30
      26
      38
      33
      26
      35
      23
      22
      20
      46
      27
      37
      32
      30
      21
      28
      30
      40
      32
      33
      27
      19
      31
      24
      29
      22
      31
      25
      25
      15
      21
      19
      36
      23
      30
      24
      28
      31
      18
      31
      19
      24
      23
      19
      28
      26
      18
      20
      35
      20
      19
      21
      21
      19
      20
      18
      19
      25
      21
      21
      12
      21
      19
      17
      13
      14
      21
      15
      20
      21
      24
       7
      17
      17
      14
      11
      22
      18
      17
      10
      15
       8
      10
      10
      17
      11
      12
      12
      17
      13
       6
      16
       9
      11
      15
      14
      13
      13
      10
      10
      20
      17
       5
      14
      12
       8
       7
       8
      11
       7
       6
       7
       9
      12
       9
       9
       8
       4
      11
      12
      10
       8
       6
      13
       8
      10
       9
       2
       5
      10
      10
       4
      10
       5
       7
      12
       6
       6
       8
      12
       5
       8
       5
       5
       5
       7
       7
       4
       7
       7
       9
      10
       9
       8
       6
       6
       5
       2
       5
       4
       7
       7
       7
       3
       9
       6
       2
       6
       5
       6
       2
       7
       6
       3
       3
       4
       4
       5
       9
       6
       6
       3
       5
       6
       3
       3
       2
       7
       4
       6
       5
       4
       2
       8
       2
       2
       7
       7
       6
       2
       4
       3
       5
       2
       3
       3
       3
       7
       8
       5
       3
       5
       3
       3
       3
       4
       0
       8
       2
       8
       3
       4
       6
       4
       5
       4
       2
       4
       3
       5
       3
       4
       1
       4
       2
       3
       5
       3
       3
       3
       3
       2
       3
       3
       1
       2
       1
       5
       2
       3
       8
       2
       2
       1
       3
       2
       3
       1
       1
       4
       1
       5
       4
       5
       1
       4
       3
       1
       0
       5
       3
       2
       2
       2
       1
       3
       3
       3
       5
       4
       4
       4
       1
       1
       3
       5
       1
       2
       3
       0
       2
       1
       3
       5
       3
       3
       1
       2
       1
       7
       2
       6
       3
       3
       3
       4
       6
       1
       4
       5
       2
       7
       5
       1
       3
       0
       3
       6
       6
       2
       2
       3
       4
       1
       4
       1
       2
       2
       2
       5
       5
       2
       7
       0
       3
       1
       2
       2
       3
       4
       3
       1
       1
       1
       1
       0
       0
       4
       2
       5
       2
       1
       2
       5
       4
       1
       2
       2
       3
       2
       3
       0
       1
       1
       2
       4
       1
       0
       1
       5
       3
       2
       3
       0
       3
       1
       4
       1
       2
       3
       1
       4
       1
       1
       2
       2
       4
       2
       3
       2
       2
       1
       3
       1
       1
       2
       3
       4
       2
       0
       0
       3
       4
       3
       2
       2
       1
       4
       5
       0
       1
       2
       2
       2
       1
       0
       1
       0
       1
       2
       3
       0
       2
       1
       1
       3
       3
       2
       1
       1
       0
       2
       0
       1
       3
       2
       3
       1
       1
       2
       1
       2
       3
       4
       0
       0
       0
       0
       0
       0
       2
       2
       1
       2
       4
       4
       3
       3
       4
       3
       1
       1
       2
       2
       2
       5
       1
       0
       2
       1
       2
       1
       3
       3
       1
       3
       0
       1
       1
       2
       3
       1
       2
       0
       3
       1
       0
       1
       1
       2
       1
       1
       1
       1
       2
       1
       3
       2
       2
       0
       4
       2
       1
       2
       1
       2
       0
       2
       1
       1
       2
       1
       1
       3
       2
       1
       0
       1
       2
       2
       4
       0
       3
       1
       0
       1
       1
       2
       3
       0
       1
       0
       2
       1
       2
       0
       4
       1
       0
       0
       1
       3
       2
       1
       2
       0
       2
       0
       0
       0
       0
       1
       1
       1
       0
       0
       1
       1
       1
       0
       3
       2
       3
       1
       0
       2
       1
       3
       1
       1
       1
       1
       0
       2
       0
       1
       3
       2
       2
       1
       0
       0
       5
       0
       0
       1
       1
       3
       2
       0
       1
       1
       1
       2
       2
       1
       3
       1
       0
       2
       1
       1
       0
       1
       2
       1
       1
       1
       3
       1
       0
       5
       0
       0
       1
       0
       2
       0
       0
       0
       2
       0
       2
       0
       2
       1
       0
       1
       1
       0
       0
       4
       0
       1
       1
       4
       3
       5
       1
       1
       2
       0
       3
       2
       3
       0
       1
       0
       1
       4
       1
       0
       0
       0
       0
       1
       2
       1
       2
       0
       4
       0
       3
       0
       1
       0
       0
       2
       2
       0
       1
       5
       0
       1
       0
       2
       1
       2
       0
       0
       0
       2
       2
       2
       0
       1
       2
       1
       3
       1
       0
       0
       0
       0
       0
       0
       0
       0
       0
       0
       0
       0
       0
       0
       0
       0
       0
       0
       0
       0
       0
       0
       0
       0
       0
       0
       0
       0
       0
       0
       0
       0
       0
       0
       0
       0
       0
       0
       0
       0
       0
       0
       0
       0
       0
       0
       0
       0
       0
       0
       0
       0
       0
       0
       0
       0
       0
       0
       0
       0
       0
       0
       0
       0
$ROI:
0
$PRESETS:
None
0
0
$ENER_FIT:
-17.891762 0.407467
$MCA_CAL:
3
-1.789176E+001 4.074667E-001 0.000000E+000 keV
$SHAPE_CAL:
3
0.000000E+000 0.000000E+000 0.000000E+000
